    .999   .782   .905   .791   .841   .793  1.044   .875   .685   .459   .112   .112   .112   .112
   -.004   .108  -.182  -.014  -.121  -.069  -.263  -.107   .044   .163   .288   .288   .288   .288
    .999   .782   .905   .791   .841   .793  1.044   .875   .685   .459   .112   .112   .112   .112
   -.004   .108  -.182  -.014  -.121  -.069  -.263  -.107   .044   .163   .288   .288   .288   .288
    .999   .782   .905   .791   .841   .793  1.044   .875   .685   .459   .112   .112   .112   .112
   -.004   .108  -.182  -.014  -.121  -.069  -.263  -.107   .044   .163   .288   .288   .288   .288
    .999   .782   .905   .791   .841   .793  1.044   .875   .685   .459   .112   .112   .112   .112
   -.004   .108  -.182  -.014  -.121  -.069  -.263  -.107   .044   .163   .288   .288   .288   .288
    .999   .782   .905   .791   .841   .793  1.044   .875   .685   .459   .112   .112   .112   .112
   -.004   .108  -.182  -.014  -.121  -.069  -.263  -.107   .044   .163   .288   .288   .288   .288
    .999   .782   .905   .791   .841   .793  1.044   .875   .685   .459   .112   .112   .112   .112
   -.004   .108  -.182  -.014  -.121  -.069  -.263  -.107   .044   .163   .288   .288   .288   .288
    .999   .782   .905   .791   .841   .793  1.044   .875   .685   .459   .112   .112   .112   .112
   -.004   .108  -.182  -.014  -.121  -.069  -.263  -.107   .044   .163   .288   .288   .288   .288
    .999   .782   .905   .791   .841   .793  1.044   .875   .685   .459   .112   .112   .112   .112
   -.004   .108  -.182  -.014  -.121  -.069  -.263  -.107   .044   .163   .288   .288   .288   .288
    .999   .782   .905   .791   .841   .793  1.044   .875   .685   .459   .112   .112   .112   .112
   -.004   .108  -.182  -.014  -.121  -.069  -.263  -.107   .044   .163   .288   .288   .288   .288
    .999   .782   .905   .791   .841   .793  1.044   .875   .685   .459   .112   .112   .112   .112
   -.004   .108  -.182  -.014  -.121  -.069  -.263  -.107   .044   .163   .288   .288   .288   .288
    .999   .782   .905   .791   .841   .793  1.044   .875   .685   .459   .112   .112   .112   .112
   -.004   .108  -.182  -.014  -.121  -.069  -.263  -.107   .044   .163   .288   .288   .288   .288
    .999   .782   .905   .791   .841   .793  1.044   .875   .685   .459   .112   .112   .112   .112
   -.004   .108  -.182  -.014  -.121  -.069  -.263  -.107   .044   .163   .288   .288   .288   .288
    .999   .782   .905   .791   .841   .793  1.044   .875   .685   .459   .112   .112   .112   .112
   -.004   .108  -.182  -.014  -.121  -.069  -.263  -.107   .044   .163   .288   .288   .288   .288
    .999   .782   .905   .791   .841   .793  1.044   .875   .685   .459   .112   .112   .112   .112
   -.004   .108  -.182  -.014  -.121  -.069  -.263  -.107   .044   .163   .288   .288   .288   .288
    .999   .782   .905   .791   .841   .793  1.044   .875   .685   .459   .112   .112   .112   .112
   -.004   .108  -.182  -.014  -.121  -.069  -.263  -.107   .044   .163   .288   .288   .288   .288
    .999   .782   .905   .791   .841   .793  1.044   .875   .685   .459   .112   .112   .112   .112
   -.004   .108  -.182  -.014  -.121  -.069  -.263  -.107   .044   .163   .288   .288   .288   .288
    .999   .782   .905   .791   .841   .793  1.044   .875   .685   .459   .112   .112   .112   .112
   -.004   .108  -.182  -.014  -.121  -.069  -.263  -.107   .044   .163   .288   .288   .288   .288
    .999   .782   .905   .791   .841   .793  1.044   .875   .685   .459   .112   .112   .112   .112
   -.004   .108  -.182  -.014  -.121  -.069  -.263  -.107   .044   .163   .288   .288   .288   .288
    .999   .782   .905   .791   .841   .793  1.044   .875   .685   .459   .112   .112   .112   .112
   -.004   .108  -.182  -.014  -.121  -.069  -.263  -.107   .044   .163   .288   .288   .288   .288
    .999   .782   .905   .791   .841   .793  1.044   .875   .685   .459   .112   .112   .112   .112
   -.004   .108  -.182  -.014  -.121  -.069  -.263  -.107   .044   .163   .288   .288   .288   .288
    .999   .782   .905   .791   .841   .793  1.044   .875   .685   .459   .112   .112   .112   .112
   -.004   .108  -.182  -.014  -.121  -.069  -.263  -.107   .044   .163   .288   .288   .288   .288
    .999   .782   .905   .791   .841   .793  1.044   .875   .685   .459   .112   .112   .112   .112
   -.004   .108  -.182  -.014  -.121  -.069  -.263  -.107   .044   .163   .288   .288   .288   .288
    .997   .739  1.199   .917   .883   .831  1.025   .857   .679   .466   .106   .106   .106   .106
   -.003   .151  -.460  -.125  -.137  -.078  -.216  -.070   .057   .158   .288   .288   .288   .288
    .941   .794  1.400  1.151   .686   .628   .849   .717   .585   .410   .105   .105   .105   .105
    .058   .051  -.678  -.384   .042   .091  -.024   .073   .138   .187   .265   .265   .265   .265
    .941   .794  1.400  1.151   .686   .628   .849   .717   .585   .410   .105   .105   .105   .105
    .058   .051  -.678  -.384   .042   .091  -.024   .073   .138   .187   .265   .265   .265   .265
    .941   .794  1.400  1.151   .686   .628   .849   .717   .585   .410   .105   .105   .105   .105
    .058   .051  -.678  -.384   .042   .091  -.024   .073   .138   .187   .265   .265   .265   .265
    .941   .794  1.400  1.151   .686   .628   .849   .717   .585   .410   .105   .105   .105   .105
    .058   .051  -.678  -.384   .042   .091  -.024   .073   .138   .187   .265   .265   .265   .265
    .941   .794  1.400  1.151   .686   .628   .849   .717   .585   .410   .105   .105   .105   .105
    .058   .051  -.678  -.384   .042   .091  -.024   .073   .138   .187   .265   .265   .265   .265
    .941   .794  1.400  1.151   .686   .628   .849   .717   .585   .410   .105   .105   .105   .105
    .058   .051  -.678  -.384   .042   .091  -.024   .073   .138   .187   .265   .265   .265   .265
    .941   .794  1.400  1.151   .686   .628   .849   .717   .585   .410   .105   .105   .105   .105
    .058   .051  -.678  -.384   .042   .091  -.024   .073   .138   .187   .265   .265   .265   .265
    .941   .794  1.400  1.151   .686   .628   .849   .717   .585   .410   .105   .105   .105   .105
    .058   .051  -.678  -.384   .042   .091  -.024   .073   .138   .187   .265   .265   .265   .265
    .941   .794  1.400  1.151   .686   .628   .849   .717   .585   .410   .105   .105   .105   .105
    .058   .051  -.678  -.384   .042   .091  -.024   .073   .138   .187   .265   .265   .265   .265
    .941   .794  1.400  1.151   .686   .628   .849   .717   .585   .410   .105   .105   .105   .105
    .058   .051  -.678  -.384   .042   .091  -.024   .073   .138   .187   .265   .265   .265   .265
    .941   .794  1.400  1.151   .686   .628   .849   .717   .585   .410   .105   .105   .105   .105
    .058   .051  -.678  -.384   .042   .091  -.024   .073   .138   .187   .265   .265   .265   .265
    .941   .794  1.400  1.151   .686   .628   .849   .717   .585   .410   .105   .105   .105   .105
    .058   .051  -.678  -.384   .042   .091  -.024   .073   .138   .187   .265   .265   .265   .265
    .941   .794  1.400  1.151   .686   .628   .849   .717   .585   .410   .105   .105   .105   .105
    .058   .051  -.678  -.384   .042   .091  -.024   .073   .138   .187   .265   .265   .265   .265
    .941   .794  1.400  1.151   .686   .628   .849   .717   .585   .410   .105   .105   .105   .105
    .058   .051  -.678  -.384   .042   .091  -.024   .073   .138   .187   .265   .265   .265   .265
    .941   .794  1.400  1.151   .686   .628   .849   .717   .585   .410   .105   .105   .105   .105
    .058   .051  -.678  -.384   .042   .091  -.024   .073   .138   .187   .265   .265   .265   .265
    .941   .794  1.400  1.151   .686   .628   .849   .717   .585   .410   .105   .105   .105   .105
    .058   .051  -.678  -.384   .042   .091  -.024   .073   .138   .187   .265   .265   .265   .265
    .941   .794  1.400  1.151   .686   .628   .849   .717   .585   .410   .105   .105   .105   .105
    .058   .051  -.678  -.384   .042   .091  -.024   .073   .138   .187   .265   .265   .265   .265
    .941   .794  1.400  1.151   .686   .628   .849   .717   .585   .410   .105   .105   .105   .105
    .058   .051  -.678  -.384   .042   .091  -.024   .073   .138   .187   .265   .265   .265   .265
    .941   .794  1.400  1.151   .686   .628   .849   .717   .585   .410   .105   .105   .105   .105
    .058   .051  -.678  -.384   .042   .091  -.024   .073   .138   .187   .265   .265   .265   .265
    .941   .794  1.400  1.151   .686   .628   .849   .717   .585   .410   .105   .105   .105   .105
    .058   .051  -.678  -.384   .042   .091  -.024   .073   .138   .187   .265   .265   .265   .265
    .941   .794  1.400  1.151   .686   .628   .849   .717   .585   .410   .105   .105   .105   .105
    .058   .051  -.678  -.384   .042   .091  -.024   .073   .138   .187   .265   .265   .265   .265
    .996   .706  1.555  1.070   .913   .862   .998   .837   .672   .471   .106   .106   .106   .106
   -.002   .184  -.793  -.266  -.136  -.076  -.166  -.035   .069   .153   .289   .289   .289   .289
    .991   .914  1.571  1.290   .720   .660   .835   .708   .583   .414   .099   .099   .099   .099
    .008  -.063  -.824  -.496   .034   .083   .005   .090   .142   .183   .262   .262   .262   .262
    .523  1.727  1.516  1.191   .582   .529   .671   .578   .500   .369   .102   .102   .102   .102
    .289  -.922  -.752  -.400   .119   .152   .175   .218   .216   .209   .242   .242   .242   .242
    .720  2.164  1.480  1.086   .506   .460   .720   .596   .474   .336   .100   .100   .100   .100
    .203 -1.337  -.680  -.285   .151   .171   .122   .191   .229   .226   .236   .236   .236   .236
    .844  2.145  1.435  1.015   .487   .442   .619   .544   .445   .299   .092   .092   .092   .092
   -.005 -1.291  -.595  -.212   .141   .159   .184   .209   .233   .248   .244   .244   .244   .244
   2.718  1.820  1.357   .996   .485   .438   .522   .473   .401   .293   .101   .101   .101   .101
  -1.879  -.924  -.492  -.198   .126   .145   .210   .226   .244   .242   .243   .243   .243   .243
   1.654  1.452  1.173   .950   .563   .516   .512   .463   .390   .292   .116   .116   .116   .116
   -.788  -.554  -.314  -.155   .067   .088   .163   .190   .226   .245   .257   .257   .257   .257
   1.654  1.452  1.173   .950   .563   .516   .512   .463   .390   .292   .116   .116   .116   .116
   -.788  -.554  -.314  -.155   .067   .088   .163   .190   .226   .245   .257   .257   .257   .257
   1.654  1.452  1.173   .950   .563   .516   .512   .463   .390   .292   .116   .116   .116   .116
   -.788  -.554  -.314  -.155   .067   .088   .163   .190   .226   .245   .257   .257   .257   .257
   1.654  1.452  1.173   .950   .563   .516   .512   .463   .390   .292   .116   .116   .116   .116
   -.788  -.554  -.314  -.155   .067   .088   .163   .190   .226   .245   .257   .257   .257   .257
   1.654  1.452  1.173   .950   .563   .516   .512   .463   .390   .292   .116   .116   .116   .116
   -.788  -.554  -.314  -.155   .067   .088   .163   .190   .226   .245   .257   .257   .257   .257
   1.654  1.452  1.173   .950   .563   .516   .512   .463   .390   .292   .116   .116   .116   .116
   -.788  -.554  -.314  -.155   .067   .088   .163   .190   .226   .245   .257   .257   .257   .257
   1.654  1.452  1.173   .950   .563   .516   .512   .463   .390   .292   .116   .116   .116   .116
   -.788  -.554  -.314  -.155   .067   .088   .163   .190   .226   .245   .257   .257   .257   .257
   1.654  1.452  1.173   .950   .563   .516   .512   .463   .390   .292   .116   .116   .116   .116
   -.788  -.554  -.314  -.155   .067   .088   .163   .190   .226   .245   .257   .257   .257   .257
   1.654  1.452  1.173   .950   .563   .516   .512   .463   .390   .292   .116   .116   .116   .116
   -.788  -.554  -.314  -.155   .067   .088   .163   .190   .226   .245   .257   .257   .257   .257
   1.654  1.452  1.173   .950   .563   .516   .512   .463   .390   .292   .116   .116   .116   .116
   -.788  -.554  -.314  -.155   .067   .088   .163   .190   .226   .245   .257   .257   .257   .257
   1.654  1.452  1.173   .950   .563   .516   .512   .463   .390   .292   .116   .116   .116   .116
   -.788  -.554  -.314  -.155   .067   .088   .163   .190   .226   .245   .257   .257   .257   .257
   1.654  1.452  1.173   .950   .563   .516   .512   .463   .390   .292   .116   .116   .116   .116
   -.788  -.554  -.314  -.155   .067   .088   .163   .190   .226   .245   .257   .257   .257   .257
   1.654  1.452  1.173   .950   .563   .516   .512   .463   .390   .292   .116   .116   .116   .116
   -.788  -.554  -.314  -.155   .067   .088   .163   .190   .226   .245   .257   .257   .257   .257
   1.654  1.452  1.173   .950   .563   .516   .512   .463   .390   .292   .116   .116   .116   .116
   -.788  -.554  -.314  -.155   .067   .088   .163   .190   .226   .245   .257   .257   .257   .257
   1.654  1.452  1.173   .950   .563   .516   .512   .463   .390   .292   .116   .116   .116   .116
   -.788  -.554  -.314  -.155   .067   .088   .163   .190   .226   .245   .257   .257   .257   .257
   1.654  1.452  1.173   .950   .563   .516   .512   .463   .390   .292   .116   .116   .116   .116
   -.788  -.554  -.314  -.155   .067   .088   .163   .190   .226   .245   .257   .257   .257   .257
    .997   .731  1.851  1.240   .935   .889   .968   .815   .659   .473   .105   .105   .105   .105
   -.002   .224 -1.035  -.387  -.116  -.061  -.116  -.002   .085   .152   .291   .291   .291   .291
    .222  1.079  1.673  1.383   .745   .687   .817   .697   .579   .419   .097   .097   .097   .097
    .687  -.293  -.904  -.589   .026   .072   .028   .103   .143   .178   .263   .263   .263   .263
    .387  1.964  1.527  1.249   .618   .564   .648   .567   .495   .370   .099   .099   .099   .099
    .485 -1.149  -.732  -.433   .105   .138   .203   .230   .219   .207   .236   .236   .236   .236
    .691  2.056  1.426  1.126   .542   .493   .565   .481   .419   .328   .098   .098   .098   .098
    .214 -1.211  -.597  -.304   .133   .156   .283   .309   .286   .234   .220   .220   .220   .220
    .676  2.154  1.411  1.016   .495   .452   .631   .547   .440   .294   .088   .088   .088   .088
    .188 -1.291  -.555  -.201   .141   .156   .200   .224   .244   .245   .219   .219   .219   .219
   3.199  1.904  1.339   .965   .466   .424   .520   .465   .389   .276   .091   .091   .091   .091
  -2.380 -1.001  -.464  -.161   .144   .159   .255   .261   .262   .243   .212   .212   .212   .212
   2.205  1.628  1.243   .935   .484   .439   .475   .425   .362   .268   .096   .096   .096   .096
  -1.318  -.703  -.364  -.139   .114   .131   .249   .262   .264   .243   .212   .212   .212   .212
   1.681  1.421  1.126   .887   .513   .470   .464   .416   .346   .257   .097   .097   .097   .097
   -.785  -.502  -.257  -.096   .097   .113   .225   .243   .261   .251   .225   .225   .225   .225
   1.447  1.283  1.024   .831   .509   .471   .458   .406   .335   .251   .096   .096   .096   .096
   -.575  -.389  -.178  -.053   .111   .124   .206   .233   .259   .255   .238   .238   .238   .238
   1.310  1.181   .948   .783   .486   .452   .449   .397   .327   .241   .090   .090   .090   .090
   -.468  -.313  -.130  -.023   .132   .144   .199   .228   .257   .264   .253   .253   .253   .253
   1.310  1.181   .948   .783   .486   .452   .449   .397   .327   .241   .090   .090   .090   .090
   -.468  -.313  -.130  -.023   .132   .144   .199   .228   .257   .264   .253   .253   .253   .253
   1.310  1.181   .948   .783   .486   .452   .449   .397   .327   .241   .090   .090   .090   .090
   -.468  -.313  -.130  -.023   .132   .144   .199   .228   .257   .264   .253   .253   .253   .253
   1.310  1.181   .948   .783   .486   .452   .449   .397   .327   .241   .090   .090   .090   .090
   -.468  -.313  -.130  -.023   .132   .144   .199   .228   .257   .264   .253   .253   .253   .253
   1.310  1.181   .948   .783   .486   .452   .449   .397   .327   .241   .090   .090   .090   .090
   -.468  -.313  -.130  -.023   .132   .144   .199   .228   .257   .264   .253   .253   .253   .253
   1.310  1.181   .948   .783   .486   .452   .449   .397   .327   .241   .090   .090   .090   .090
   -.468  -.313  -.130  -.023   .132   .144   .199   .228   .257   .264   .253   .253   .253   .253
   1.310  1.181   .948   .783   .486   .452   .449   .397   .327   .241   .090   .090   .090   .090
   -.468  -.313  -.130  -.023   .132   .144   .199   .228   .257   .264   .253   .253   .253   .253
   1.310  1.181   .948   .783   .486   .452   .449   .397   .327   .241   .090   .090   .090   .090
   -.468  -.313  -.130  -.023   .132   .144   .199   .228   .257   .264   .253   .253   .253   .253
   1.310  1.181   .948   .783   .486   .452   .449   .397   .327   .241   .090   .090   .090   .090
   -.468  -.313  -.130  -.023   .132   .144   .199   .228   .257   .264   .253   .253   .253   .253
   1.310  1.181   .948   .783   .486   .452   .449   .397   .327   .241   .090   .090   .090   .090
   -.468  -.313  -.130  -.023   .132   .144   .199   .228   .257   .264   .253   .253   .253   .253
   1.310  1.181   .948   .783   .486   .452   .449   .397   .327   .241   .090   .090   .090   .090
   -.468  -.313  -.130  -.023   .132   .144   .199   .228   .257   .264   .253   .253   .253   .253
   1.310  1.181   .948   .783   .486   .452   .449   .397   .327   .241   .090   .090   .090   .090
   -.468  -.313  -.130  -.023   .132   .144   .199   .228   .257   .264   .253   .253   .253   .253
   1.310  1.181   .948   .783   .486   .452   .449   .397   .327   .241   .090   .090   .090   .090
   -.468  -.313  -.130  -.023   .132   .144   .199   .228   .257   .264   .253   .253   .253   .253
   1.000   .640  2.032  1.319   .946   .911   .937   .793   .649   .473   .102   .102   .102   .102
    .000   .191 -1.212  -.525  -.103  -.066  -.081   .022   .093   .149   .297   .297   .297   .297
    .676  1.422  1.724  1.467   .773   .722   .797   .682   .571   .419   .094   .094   .094   .094
    .333  -.621  -.915  -.646   .027   .066   .051   .117   .149   .177   .268   .268   .268   .268
    .667  2.131  1.505  1.297   .653   .600   .643   .565   .490   .371   .092   .092   .092   .092
    .220 -1.299  -.679  -.454   .098   .130   .209   .231   .221   .208   .239   .239   .239   .239
    .653  2.007  1.369  1.140   .573   .524   .510   .456   .411   .327   .093   .093   .093   .093
    .276 -1.143  -.510  -.295   .122   .146   .339   .333   .291   .234   .216   .216   .216   .216
    .651  2.069  1.350  1.031   .516   .471   .612   .513   .410   .289   .088   .088   .088   .088
    .258 -1.187  -.471  -.198   .135   .151   .228   .262   .274   .249   .203   .203   .203   .203
   3.353  1.903  1.316   .958   .471   .430   .517   .462   .382   .269   .086   .086   .086   .086
  -2.546  -.990  -.429  -.144   .145   .158   .281   .278   .271   .242   .192   .192   .192   .192
   2.525  1.669  1.232   .913   .462   .420   .457   .411   .342   .256   .088   .088   .088   .088
  -1.636  -.731  -.345  -.115   .129   .142   .293   .289   .281   .237   .186   .186   .186   .186
   1.920  1.480  1.148   .878   .477   .435   .427   .380   .323   .243   .089   .089   .089   .089
   -.996  -.535  -.261  -.083   .114   .127   .288   .293   .281   .244   .187   .187   .187   .187
   1.625  1.336  1.053   .828   .483   .443   .407   .366   .305   .236   .090   .090   .090   .090
   -.699  -.401  -.178  -.041   .112   .124   .280   .285   .284   .245   .191   .191   .191   .191
   1.465  1.233   .976   .782   .473   .437   .398   .351   .291   .223   .085   .085   .085   .085
   -.552  -.315  -.118  -.006   .126   .135   .269   .281   .284   .252   .199   .199   .199   .199
   1.278  1.081   .862   .706   .433   .403   .377   .332   .271   .202   .075   .075   .075   .075
   -.407  -.201  -.042   .043   .155   .161   .260   .274   .281   .257   .208   .208   .208   .208
   1.155   .967   .789   .652   .409   .378   .367   .322   .262   .191   .071   .071   .071   .071
   -.323  -.126  -.002   .072   .167   .176   .252   .267   .276   .260   .211   .211   .211   .211
   1.055   .881   .737   .618   .393   .375   .369   .320   .260   .188   .067   .067   .067   .067
   -.257  -.078   .021   .087   .178   .176   .240   .261   .273   .263   .218   .218   .218   .218
    .965   .810   .698   .596   .388   .375   .371   .324   .264   .190   .065   .065   .065   .065
   -.198  -.043   .036   .094   .183   .181   .232   .254   .269   .266   .228   .228   .228   .228
    .884   .749   .665   .577   .393   .381   .376   .331   .274   .199   .066   .066   .066   .066
   -.145  -.014   .047   .100   .183   .183   .225   .247   .264   .268   .240   .240   .240   .240
    .812   .694   .627   .550   .401   .389   .382   .340   .287   .214   .072   .072   .072   .072
   -.099   .013   .063   .115   .184   .187   .219   .241   .260   .271   .255   .255   .255   .255
    .745   .643   .587   .514   .401   .390   .390   .352   .303   .232   .088   .088   .088   .088
   -.054   .038   .082   .136   .194   .198   .212   .235   .258   .278   .276   .276   .276   .276
    .745   .643   .587   .514   .401   .390   .390   .352   .303   .232   .088   .088   .088   .088
   -.054   .038   .082   .136   .194   .198   .212   .235   .258   .278   .276   .276   .276   .276
    .745   .643   .587   .514   .401   .390   .390   .352   .303   .232   .088   .088   .088   .088
   -.054   .038   .082   .136   .194   .198   .212   .235   .258   .278   .276   .276   .276   .276
    .745   .643   .587   .514   .401   .390   .390   .352   .303   .232   .088   .088   .088   .088
   -.054   .038   .082   .136   .194   .198   .212   .235   .258   .278   .276   .276   .276   .276
    .745   .643   .587   .514   .401   .390   .390   .352   .303   .232   .088   .088   .088   .088
   -.054   .038   .082   .136   .194   .198   .212   .235   .258   .278   .276   .276   .276   .276
    .745   .643   .587   .514   .401   .390   .390   .352   .303   .232   .088   .088   .088   .088
   -.054   .038   .082   .136   .194   .198   .212   .235   .258   .278   .276   .276   .276   .276
    .998   .629  2.117  1.352   .950   .929   .907   .771   .637   .470   .101   .101   .101   .101
    .002   .156 -1.268  -.575  -.079  -.062  -.047   .045   .101   .148   .300   .300   .300   .300
    .721  1.807  1.736  1.526   .794   .750   .774   .665   .560   .418   .091   .091   .091   .091
    .288  -.993  -.886  -.681   .035   .066   .077   .134   .159   .179   .275   .275   .275   .275
    .464  2.188  1.453  1.309   .683   .634   .636   .561   .487   .372   .091   .091   .091   .091
    .507 -1.338  -.587  -.442   .092   .120   .212   .229   .218   .205   .242   .242   .242   .242
    .613  1.944  1.291  1.136   .605   .557   .493   .449   .406   .326   .091   .091   .091   .091
    .313 -1.058  -.403  -.270   .113   .136   .351   .334   .290   .234   .216   .216   .216   .216
    .611  1.807  1.227  1.032   .552   .505   .482   .406   .353   .283   .090   .090   .090   .090
    .250  -.895  -.324  -.183   .115   .133   .350   .364   .330   .259   .196   .196   .196   .196
   3.082  1.894  1.310   .974   .491   .447   .528   .468   .387   .278   .084   .084   .084   .084
  -2.284  -.971  -.412  -.151   .133   .148   .290   .285   .275   .236   .182   .182   .182   .182
   2.758  1.665  1.221   .905   .456   .415   .447   .403   .339   .248   .083   .083   .083   .083
  -1.875  -.717  -.326  -.102   .137   .149   .319   .304   .283   .236   .170   .170   .170   .170
   2.089  1.491  1.140   .864   .460   .420   .406   .366   .312   .235   .084   .084   .084   .084
  -1.153  -.533  -.247  -.069   .122   .134   .324   .312   .287   .237   .166   .166   .166   .166
   1.731  1.353  1.061   .822   .461   .422   .380   .341   .292   .222   .084   .084   .084   .084
   -.776  -.396  -.174  -.033   .121   .132   .322   .314   .290   .241   .167   .167   .167   .167
   1.541  1.241   .982   .777   .458   .421   .359   .325   .273   .215   .083   .083   .083   .083
   -.585  -.294  -.106   .004   .126   .134   .319   .310   .294   .240   .167   .167   .167   .167
   1.337  1.085   .860   .695   .425   .394   .336   .298   .248   .192   .074   .074   .074   .074
   -.405  -.168  -.014   .063   .153   .158   .306   .304   .290   .244   .171   .171   .171   .171
   1.215   .973   .776   .634   .388   .360   .318   .281   .232   .177   .066   .066   .066   .066
   -.314  -.087   .038   .099   .174   .177   .298   .296   .283   .241   .170   .170   .170   .170
   1.124   .888   .716   .590   .368   .348   .309   .271   .223   .168   .062   .062   .062   .062
   -.254  -.033   .071   .123   .182   .179   .290   .290   .279   .240   .171   .171   .171   .171
   1.047   .822   .674   .560   .352   .337   .304   .267   .218   .162   .061   .061   .061   .061
   -.204   .002   .090   .136   .191   .186   .284   .285   .276   .241   .170   .170   .170   .170
    .977   .769   .643   .539   .342   .331   .302   .265   .217   .159   .058   .058   .058   .058
   -.161   .028   .102   .144   .198   .192   .278   .280   .274   .244   .174   .174   .174   .174
    .915   .723   .617   .522   .338   .328   .301   .265   .218   .159   .056   .056   .056   .056
   -.124   .049   .110   .150   .201   .197   .275   .277   .272   .246   .180   .180   .180   .180
    .860   .681   .590   .503   .337   .326   .300   .265   .219   .161   .055   .055   .055   .055
   -.093   .066   .121   .161   .205   .204   .273   .277   .273   .251   .187   .187   .187   .187
    .810   .647   .563   .478   .333   .322   .298   .259   .220   .163   .055   .055   .055   .055
   -.066   .077   .132   .176   .214   .215   .273   .283   .276   .259   .197   .197   .197   .197
    .717   .593   .516   .428   .311   .302   .298   .259   .220   .160   .053   .053   .053   .053
   -.012   .089   .144   .200   .240   .242   .271   .287   .288   .284   .230   .230   .230   .230
    .717   .593   .516   .428   .311   .302   .298   .259   .220   .160   .053   .053   .053   .053
   -.012   .089   .144   .200   .240   .242   .271   .287   .288   .284   .230   .230   .230   .230
    .717   .593   .516   .428   .311   .302   .298   .259   .220   .160   .053   .053   .053   .053
   -.012   .089   .144   .200   .240   .242   .271   .287   .288   .284   .230   .230   .230   .230
    .717   .593   .516   .428   .311   .302   .298   .259   .220   .160   .053   .053   .053   .053
   -.012   .089   .144   .200   .240   .242   .271   .287   .288   .284   .230   .230   .230   .230
   1.003   .756  2.166  1.399   .949   .945   .875   .745   .622   .465   .097   .097   .097   .097
   -.003   .075 -1.284  -.595  -.051  -.052  -.010   .075   .119   .156   .306   .306   .306   .306
    .930  2.056  1.716  1.549   .795   .762   .745   .643   .547   .413   .089   .089   .089   .089
    .074 -1.227  -.825  -.687   .060   .078   .105   .155   .171   .184   .281   .281   .281   .281
    .433  2.212  1.397  1.312   .696   .654   .626   .552   .481   .369   .089   .089   .089   .089
    .533 -1.345  -.496  -.428   .104   .125   .215   .232   .219   .206   .247   .247   .247   .247
    .567  1.881  1.207  1.117   .626   .581   .493   .450   .405   .324   .089   .089   .089   .089
    .352  -.972  -.289  -.231   .117   .136   .343   .325   .284   .234   .219   .219   .219   .219
    .598  1.609  1.120  1.006   .581   .535   .383   .357   .333   .279   .091   .091   .091   .091
    .315  -.669  -.194  -.136   .109   .127   .442   .407   .346   .262   .193   .193   .193   .193
   2.803  1.721  1.173   .942   .517   .472   .485   .414   .332   .251   .084   .084   .084   .084
  -1.998  -.776  -.256  -.101   .127   .143   .323   .331   .324   .263   .176   .176   .176   .176
   2.953  1.641  1.199   .899   .460   .416   .444   .404   .338   .246   .081   .081   .081   .081
  -2.079  -.684  -.296  -.087   .142   .157   .331   .309   .285   .234   .160   .160   .160   .160
   2.233  1.478  1.125   .854   .451   .411   .396   .361   .307   .232   .080   .080   .080   .080
  -1.294  -.512  -.228  -.057   .130   .140   .341   .320   .289   .231   .154   .154   .154   .154
   1.815  1.351  1.058   .815   .448   .409   .367   .332   .286   .219   .080   .080   .080   .080
   -.844  -.383  -.166  -.025   .129   .139   .343   .325   .291   .232   .151   .151   .151   .151
   1.586  1.238   .982   .772   .446   .413   .341   .313   .266   .213   .079   .079   .079   .079
   -.605  -.276  -.098   .011   .128   .133   .344   .323   .295   .229   .150   .150   .150   .150
   1.357  1.078   .858   .690   .421   .389   .313   .281   .238   .190   .074   .074   .074   .074
   -.385  -.138   .002   .074   .149   .154   .333   .319   .292   .232   .148   .148   .148   .148
   1.228   .963   .767   .624   .383   .355   .291   .260   .220   .173   .067   .067   .067   .067
   -.279  -.050   .063   .115   .171   .173   .323   .310   .283   .227   .145   .145   .145   .145
   1.138   .877   .701   .575   .358   .337   .277   .247   .207   .161   .062   .062   .062   .062
   -.212   .009   .103   .142   .180   .176   .314   .301   .276   .223   .142   .142   .142   .142
   1.064   .811   .653   .538   .337   .319   .269   .238   .199   .153   .060   .060   .060   .060
   -.162   .049   .128   .160   .190   .185   .306   .294   .270   .221   .139   .139   .139   .139
   1.000   .758   .617   .511   .321   .308   .263   .233   .193   .147   .057   .057   .057   .057
   -.120   .077   .144   .171   .198   .190   .299   .288   .266   .220   .139   .139   .139   .139
    .943   .714   .591   .492   .310   .301   .260   .230   .190   .144   .054   .054   .054   .054
   -.085   .098   .152   .178   .203   .195   .294   .284   .262   .219   .141   .141   .141   .141
    .892   .674   .566   .475   .303   .295   .256   .227   .189   .141   .052   .052   .052   .052
   -.056   .116   .162   .184   .207   .201   .291   .280   .260   .220   .143   .143   .143   .143
    .846   .639   .542   .458   .299   .289   .252   .224   .187   .140   .050   .050   .050   .050
   -.032   .130   .172   .193   .210   .207   .290   .279   .259   .222   .147   .147   .147   .147
    .765   .584   .492   .413   .282   .273   .240   .208   .180   .135   .047   .047   .047   .047
    .007   .146   .193   .220   .228   .226   .293   .290   .266   .234   .159   .159   .159   .159
    .672   .539   .453   .365   .252   .245   .230   .195   .168   .122   .041   .041   .041   .041
    .053   .147   .196   .238   .251   .249   .293   .295   .277   .254   .181   .181   .181   .181
    .575   .492   .425   .346   .250   .239   .233   .199   .169   .122   .038   .038   .038   .038
    .110   .164   .203   .240   .259   .265   .294   .299   .292   .275   .204   .204   .204   .204
    .575   .492   .425   .346   .250   .239   .233   .199   .169   .122   .038   .038   .038   .038
    .110   .164   .203   .240   .259   .265   .294   .299   .292   .275   .204   .204   .204   .204
   1.002   .850  2.174  1.342   .944   .957   .846   .717   .606   .457   .093   .093   .093   .093
   -.003   .047 -1.267  -.506  -.023  -.045   .025   .107   .139   .169   .312   .312   .312   .312
    .961  2.209  1.687  1.554   .780   .761   .714   .617   .530   .405   .084   .084   .084   .084
    .041 -1.365  -.762  -.684   .096   .100   .134   .179   .186   .193   .288   .288   .288   .288
    .433  2.203  1.341  1.306   .688   .655   .608   .536   .467   .361   .085   .085   .085   .085
    .538 -1.318  -.408  -.409   .135   .146   .226   .241   .228   .212   .256   .256   .256   .256
    .514  1.822  1.135  1.092   .632   .596   .494   .448   .404   .322   .087   .087   .087   .087
    .391  -.894  -.192  -.191   .135   .147   .333   .318   .279   .235   .224   .224   .224   .224
    .576  1.496  1.026   .967   .597   .555   .373   .351   .327   .276   .090   .090   .090   .090
    .339  -.534  -.081  -.081   .116   .131   .444   .404   .345   .264   .194   .194   .194   .194
   1.885  1.364  1.009   .911   .552   .507   .334   .299   .278   .242   .088   .088   .088   .088
  -1.064  -.386  -.071  -.051   .114   .130   .461   .438   .377   .278   .173   .173   .173   .173
   3.109  1.609  1.179   .897   .466   .425   .454   .410   .343   .247   .080   .080   .080   .080
  -2.244  -.643  -.266  -.070   .155   .167   .330   .308   .282   .234   .156   .156   .156   .156
   2.381  1.458  1.107   .845   .453   .413   .393   .358   .300   .232   .079   .079   .079   .079
  -1.444  -.485  -.205  -.044   .132   .142   .350   .324   .294   .228   .144   .144   .144   .144
   1.903  1.339  1.047   .809   .446   .407   .356   .328   .281   .217   .078   .078   .078   .078
   -.925  -.365  -.151  -.016   .131   .141   .357   .329   .293   .229   .140   .140   .140   .140
   1.630  1.231   .977   .768   .440   .402   .330   .302   .261   .205   .077   .077   .077   .077
   -.635  -.260  -.088   .017   .130   .139   .358   .334   .296   .229   .137   .137   .137   .137
   1.363  1.069   .859   .689   .421   .388   .296   .273   .234   .190   .073   .073   .073   .073
   -.367  -.115   .010   .078   .144   .148   .352   .327   .293   .224   .134   .134   .134   .134
   1.224   .951   .763   .621   .390   .357   .276   .250   .220   .172   .067   .067   .067   .067
   -.243  -.021   .079   .122   .160   .165   .338   .318   .277   .219   .129   .129   .129   .129
   1.130   .863   .692   .568   .358   .336   .260   .235   .206   .160   .062   .062   .062   .062
   -.168   .043   .123   .152   .175   .171   .327   .307   .267   .212   .125   .125   .125   .125
   1.057   .795   .639   .528   .333   .314   .249   .224   .196   .151   .060   .060   .060   .060
   -.113   .087   .153   .172   .186   .180   .317   .297   .258   .207   .121   .121   .121   .121
    .994   .741   .601   .497   .315   .300   .242   .217   .184   .144   .056   .056   .056   .056
   -.070   .118   .170   .185   .193   .186   .309   .290   .257   .203   .120   .120   .120   .120
    .939   .696   .570   .474   .301   .290   .237   .212   .179   .140   .053   .053   .053   .053
   -.033   .141   .183   .194   .198   .189   .302   .283   .252   .200   .119   .119   .119   .119
    .890   .657   .545   .455   .296   .282   .232   .208   .176   .136   .051   .051   .051   .051
   -.003   .160   .193   .201   .197   .193   .296   .278   .247   .198   .119   .119   .119   .119
    .845   .623   .522   .439   .288   .275   .228   .205   .174   .133   .049   .049   .049   .049
    .024   .175   .201   .206   .199   .196   .292   .273   .244   .197   .120   .120   .120   .120
    .767   .565   .475   .403   .270   .261   .217   .191   .167   .129   .045   .045   .045   .045
    .064   .197   .222   .226   .211   .208   .290   .276   .242   .198   .125   .125   .125   .125
    .681   .514   .421   .349   .240   .233   .198   .171   .153   .117   .043   .043   .043   .043
    .102   .204   .241   .255   .236   .232   .291   .280   .248   .211   .135   .135   .135   .135
    .597   .479   .395   .315   .217   .212   .190   .162   .142   .105   .037   .037   .037   .037
    .142   .203   .237   .260   .246   .243   .286   .278   .253   .221   .149   .149   .149   .149
    .439   .360   .310   .263   .192   .179   .164   .139   .127   .094   .037   .037   .037   .037
    .213   .255   .276   .280   .274   .279   .309   .301   .279   .251   .163   .163   .163   .163
   1.002  1.037  2.169  1.239   .935   .969   .821   .692   .589   .449   .088   .088   .088   .088
   -.003  -.138 -1.249  -.405  -.002  -.051   .048   .132   .155   .177   .317   .317   .317   .317
    .976  2.295  1.660  1.537   .758   .752   .682   .588   .506   .394   .079   .079   .079   .079
    .025 -1.438  -.708  -.669   .135   .125   .164   .206   .208   .203   .295   .295   .295   .295
    .472  2.174  1.290  1.297   .661   .640   .582   .513   .448   .350   .080   .080   .080   .080
    .512 -1.270  -.330  -.393   .182   .183   .245   .258   .242   .223   .265   .265   .265   .265
    .426  1.765  1.071  1.067   .621   .593   .489   .441   .396   .317   .085   .085   .085   .085
    .520  -.817  -.107  -.155   .169   .173   .327   .316   .280   .238   .231   .231   .231   .231
    .546  1.418   .949   .925   .595   .561   .378   .356   .327   .273   .088   .088   .088   .088
    .353  -.439   .011  -.027   .143   .150   .428   .391   .339   .267   .200   .200   .200   .200
   1.315  1.175   .889   .853   .565   .526   .274   .267   .258   .231   .089   .089   .089   .089
   -.449  -.177   .063   .025   .127   .137   .512   .462   .392   .291   .176   .176   .176   .176
   3.214  1.577  1.161   .898   .481   .441   .472   .421   .354   .253   .081   .081   .081   .081
  -2.363  -.603  -.241  -.063   .151   .162   .316   .300   .273   .230   .152   .152   .152   .152
   2.532  1.434  1.092   .841   .459   .420   .399   .364   .305   .227   .080   .080   .080   .080
  -1.604  -.456  -.185  -.032   .135   .144   .349   .321   .290   .231   .138   .138   .138   .138
   2.005  1.322  1.032   .801   .447   .409   .354   .327   .281   .216   .079   .079   .079   .079
  -1.027  -.343  -.133  -.004   .132   .141   .362   .331   .292   .227   .132   .132   .132   .132
   1.685  1.224   .974   .764   .436   .399   .325   .304   .261   .204   .077   .077   .077   .077
   -.682  -.248  -.082   .022   .135   .142   .366   .332   .293   .226   .128   .128   .128   .128
   1.376  1.059   .856   .688   .420   .387   .287   .270   .231   .189   .074   .074   .074   .074
   -.365  -.096   .018   .082   .142   .145   .361   .329   .293   .221   .123   .123   .123   .123
   1.223   .939   .759   .618   .392   .360   .265   .244   .216   .172   .068   .068   .068   .068
   -.223   .002   .091   .130   .157   .161   .349   .322   .279   .216   .119   .119   .119   .119
   1.124   .849   .685   .564   .360   .338   .248   .227   .201   .159   .064   .064   .064   .064
   -.138   .068   .139   .160   .173   .168   .337   .311   .268   .208   .114   .114   .114   .114
   1.048   .780   .629   .522   .334   .314   .238   .216   .191   .150   .060   .060   .060   .060
   -.079   .115   .171   .181   .184   .178   .324   .301   .258   .201   .110   .110   .110   .110
    .987   .725   .587   .488   .313   .297   .229   .207   .183   .143   .056   .056   .056   .056
   -.033   .148   .192   .197   .192   .184   .315   .292   .249   .195   .108   .108   .108   .108
    .933   .680   .552   .461   .297   .285   .222   .200   .172   .138   .054   .054   .054   .054
    .004   .173   .208   .208   .197   .188   .307   .284   .248   .191   .106   .106   .106   .106
    .885   .642   .526   .440   .289   .276   .217   .196   .168   .133   .052   .052   .052   .052
    .037   .192   .218   .215   .196   .191   .299   .277   .242   .188   .105   .105   .105   .105
    .841   .609   .503   .423   .279   .268   .214   .193   .165   .130   .050   .050   .050   .050
    .065   .207   .225   .220   .199   .193   .293   .270   .237   .185   .104   .104   .104   .104
    .761   .549   .460   .392   .264   .253   .204   .185   .159   .125   .047   .047   .047   .047
    .112   .232   .242   .232   .203   .201   .286   .262   .230   .182   .105   .105   .105   .105
    .675   .493   .406   .343   .236   .229   .187   .165   .148   .116   .045   .045   .045   .045
    .153   .246   .263   .258   .223   .218   .282   .265   .229   .186   .111   .111   .111   .111
    .594   .456   .370   .300   .206   .202   .169   .149   .133   .102   .040   .040   .040   .040
    .190   .244   .265   .271   .238   .233   .278   .261   .230   .194   .123   .123   .123   .123
    .422   .351   .302   .246   .182   .171   .148   .126   .115   .090   .039   .039   .039   .039
    .271   .286   .284   .285   .248   .250   .280   .266   .241   .204   .126   .126   .126   .126
   1.002  1.222  2.157  1.082   .930   .985   .803   .671   .576   .442   .082   .082   .082   .082
   -.003  -.332 -1.230  -.266   .011  -.065   .065   .154   .168   .183   .323   .323   .323   .323
    .983  2.330  1.641  1.499   .735   .746   .651   .559   .485   .381   .072   .072   .072   .072
    .017 -1.460  -.673  -.640   .170   .141   .192   .234   .228   .217   .302   .302   .302   .302
    .493  2.134  1.250  1.288   .626   .614   .549   .482   .423   .334   .072   .072   .072   .072
    .489 -1.214  -.270  -.383   .233   .224   .271   .284   .264   .239   .276   .276   .276   .276
    .461  1.717  1.017  1.050   .588   .569   .472   .424   .381   .305   .079   .079   .079   .079
    .427  -.754  -.037  -.131   .221   .217   .333   .325   .288   .248   .241   .241   .241   .241
    .515  1.356   .882   .889   .575   .551   .382   .355   .326   .269   .087   .087   .087   .087
    .375  -.362   .091   .019   .184   .183   .413   .381   .331   .267   .207   .207   .207   .207
   1.047  1.069   .791   .793   .557   .528   .269   .262   .254   .224   .088   .088   .088   .088
   -.197  -.058   .170   .096   .156   .158   .508   .459   .391   .297   .182   .182   .182   .182
   3.248  1.549  1.141   .895   .495   .457   .493   .437   .364   .261   .083   .083   .083   .083
  -2.409  -.567  -.213  -.052   .152   .162   .297   .285   .265   .225   .152   .152   .152   .152
   2.684  1.411  1.078   .840   .467   .429   .412   .371   .314   .232   .081   .081   .081   .081
  -1.769  -.428  -.165  -.022   .140   .149   .342   .318   .284   .228   .136   .136   .136   .136
   2.130  1.304  1.019   .796   .451   .413   .360   .329   .285   .218   .079   .079   .079   .079
  -1.158  -.322  -.116   .005   .135   .143   .361   .331   .289   .224   .128   .128   .128   .128
   1.761  1.212   .964   .759   .436   .399   .326   .304   .262   .203   .078   .078   .078   .078
   -.756  -.233  -.069   .031   .140   .147   .367   .333   .292   .225   .123   .123   .123   .123
   1.398  1.052   .852   .686   .416   .384   .281   .266   .230   .188   .076   .076   .076   .076
   -.379  -.085   .025   .086   .146   .149   .368   .332   .291   .218   .116   .116   .116   .116
   1.229   .933   .757   .618   .391   .359   .256   .240   .216   .172   .071   .071   .071   .071
   -.217   .014   .097   .133   .159   .162   .358   .326   .278   .213   .111   .111   .111   .111
   1.123   .842   .681   .562   .360   .337   .238   .225   .199   .159   .066   .066   .066   .066
   -.124   .083   .149   .166   .174   .170   .346   .312   .269   .206   .107   .107   .107   .107
   1.045   .773   .623   .518   .333   .313   .227   .212   .187   .149   .062   .062   .062   .062
   -.059   .131   .183   .189   .187   .181   .333   .301   .258   .199   .103   .103   .103   .103
    .983   .717   .579   .482   .311   .294   .220   .203   .179   .141   .058   .058   .058   .058
   -.011   .165   .205   .206   .195   .187   .319   .291   .249   .193   .101   .101   .101   .101
    .929   .672   .543   .453   .300   .280   .214   .195   .173   .136   .056   .056   .056   .056
    .028   .190   .222   .217   .195   .191   .308   .283   .241   .187   .098   .098   .098   .098
    .882   .634   .514   .430   .284   .269   .208   .190   .169   .131   .054   .054   .054   .054
    .061   .209   .233   .226   .200   .193   .300   .275   .233   .183   .097   .097   .097   .097
    .839   .601   .491   .412   .272   .261   .204   .185   .159   .127   .052   .052   .052   .052
    .090   .225   .240   .231   .203   .196   .293   .268   .233   .180   .096   .096   .096   .096
    .760   .544   .452   .383   .255   .245   .196   .179   .153   .121   .049   .049   .049   .049
    .141   .249   .252   .238   .205   .201   .281   .255   .222   .174   .095   .095   .095   .095
    .672   .485   .402   .343   .236   .226   .181   .163   .145   .114   .045   .045   .045   .045
    .189   .267   .271   .256   .213   .211   .274   .252   .216   .173   .100   .100   .100   .100
    .591   .445   .362   .299   .206   .202   .165   .147   .132   .103   .041   .041   .041   .041
    .229   .270   .278   .273   .230   .224   .268   .248   .215   .177   .110   .110   .110   .110
    .417   .355   .301   .239   .175   .166   .143   .124   .112   .088   .039   .039   .039   .039
    .311   .295   .282   .280   .234   .234   .257   .240   .215   .181   .112   .112   .112   .112
    .588   .439   .362   .306   .215   .206   .166   .151   .135   .106   .041   .041   .041   .041
    .257   .288   .285   .269   .218   .215   .262   .239   .205   .167   .104   .104   .104   .104
    .413   .356   .294   .237   .173   .165   .143   .124   .112   .089   .040   .040   .040   .040
    .341   .303   .290   .280   .228   .227   .243   .227   .201   .168   .105   .105   .105   .105
    .413   .356   .294   .237   .173   .165   .143   .124   .112   .089   .040   .040   .040   .040
    .341   .303   .290   .280   .228   .227   .243   .227   .201   .168   .105   .105   .105   .105
    .413   .356   .294   .237   .173   .165   .143   .124   .112   .089   .040   .040   .040   .040
    .341   .303   .290   .280   .228   .227   .243   .227   .201   .168   .105   .105   .105   .105
    .413   .356   .294   .237   .173   .165   .143   .124   .112   .089   .040   .040   .040   .040
    .341   .303   .290   .280   .228   .227   .243   .227   .201   .168   .105   .105   .105   .105
    .413   .356   .294   .237   .173   .165   .143   .124   .112   .089   .040   .040   .040   .040
    .341   .303   .290   .280   .228   .227   .243   .227   .201   .168   .105   .105   .105   .105
    .413   .356   .294   .237   .173   .165   .143   .124   .112   .089   .040   .040   .040   .040
    .341   .303   .290   .280   .228   .227   .243   .227   .201   .168   .105   .105   .105   .105
    .413   .356   .294   .237   .173   .165   .143   .124   .112   .089   .040   .040   .040   .040
    .341   .303   .290   .280   .228   .227   .243   .227   .201   .168   .105   .105   .105   .105
    .413   .356   .294   .237   .173   .165   .143   .124   .112   .089   .040   .040   .040   .040
    .341   .303   .290   .280   .228   .227   .243   .227   .201   .168   .105   .105   .105   .105
    .413   .356   .294   .237   .173   .165   .143   .124   .112   .089   .040   .040   .040   .040
    .341   .303   .290   .280   .228   .227   .243   .227   .201   .168   .105   .105   .105   .105
    .413   .356   .294   .237   .173   .165   .143   .124   .112   .089   .040   .040   .040   .040
    .341   .303   .290   .280   .228   .227   .243   .227   .201   .168   .105   .105   .105   .105
    .413   .356   .294   .237   .173   .165   .143   .124   .112   .089   .040   .040   .040   .040
    .341   .303   .290   .280   .228   .227   .243   .227   .201   .168   .105   .105   .105   .105
    .413   .356   .294   .237   .173   .165   .143   .124   .112   .089   .040   .040   .040   .040
    .341   .303   .290   .280   .228   .227   .243   .227   .201   .168   .105   .105   .105   .105
    .413   .356   .294   .237   .173   .165   .143   .124   .112   .089   .040   .040   .040   .040
    .341   .303   .290   .280   .228   .227   .243   .227   .201   .168   .105   .105   .105   .105
    .413   .356   .294   .237   .173   .165   .143   .124   .112   .089   .040   .040   .040   .040
    .341   .303   .290   .280   .228   .227   .243   .227   .201   .168   .105   .105   .105   .105
    .413   .356   .294   .237   .173   .165   .143   .124   .112   .089   .040   .040   .040   .040
    .341   .303   .290   .280   .228   .227   .243   .227   .201   .168   .105   .105   .105   .105
    .413   .356   .294   .237   .173   .165   .143   .124   .112   .089   .040   .040   .040   .040
    .341   .303   .290   .280   .228   .227   .243   .227   .201   .168   .105   .105   .105   .105
    .413   .356   .294   .237   .173   .165   .143   .124   .112   .089   .040   .040   .040   .040
    .341   .303   .290   .280   .228   .227   .243   .227   .201   .168   .105   .105   .105   .105
    .413   .356   .294   .237   .173   .165   .143   .124   .112   .089   .040   .040   .040   .040
    .341   .303   .290   .280   .228   .227   .243   .227   .201   .168   .105   .105   .105   .105
    .413   .356   .294   .237   .173   .165   .143   .124   .112   .089   .040   .040   .040   .040
    .341   .303   .290   .280   .228   .227   .243   .227   .201   .168   .105   .105   .105   .105
    .413   .356   .294   .237   .173   .165   .143   .124   .112   .089   .040   .040   .040   .040
    .341   .303   .290   .280   .228   .227   .243   .227   .201   .168   .105   .105   .105   .105
    .413   .356   .294   .237   .173   .165   .143   .124   .112   .089   .040   .040   .040   .040
    .341   .303   .290   .280   .228   .227   .243   .227   .201   .168   .105   .105   .105   .105
