  HJD         mag/RV    weight  d.set type                                      
-0.00470  -0.00889
-0.00070  -0.00866
 0.00130  -0.00843
 0.00130  -0.00828
 0.00330  -0.00804
 0.00530  -0.00785
 0.01130  -0.00762
 0.01930  -0.00743
 0.02330  -0.00723
 0.03130  -0.00700
 0.04530  -0.00677
 0.04930  -0.00662
 0.06130  -0.00639
 0.07130  -0.00619
 0.07930  -0.00600
 0.08930  -0.00581
 0.09330  -0.00561
 0.11130  -0.00542
 0.11930  -0.00527
 0.13730  -0.00504
 0.14930  -0.00484
 0.15930  -0.00465
 0.17330  -0.00442
 0.19130  -0.00419
-0.01270   0.22164
-0.01470   0.22187
-0.01170   0.22206
-0.01170   0.22225
-0.00970   0.22245
-0.01370   0.22264
-0.01170   0.22291
-0.01070   0.22310
-0.01170   0.22333
-0.01070   0.22349
-0.01170   0.22372
-0.00970   0.22391
-0.01170   0.22410
-0.01070   0.22430
-0.01070   0.22453
-0.01170   0.22472
-0.01170   0.22495
-0.01370   0.22518
-0.01370   0.22534
-0.00970   0.22553
 0.00430   0.33692
 0.00130   0.33715
 0.00230   0.33742
 0.00230   0.33762
 0.00330   0.33781
 0.00330   0.33804
 0.18930   0.41604
 0.18030   0.41631
 0.17930   0.41650
 0.17630   0.41674
 0.17330   0.41693
 0.17230   0.41712
 0.17130   0.41735
 0.16630   0.41758
 0.16330   0.41781
 0.15630   0.41808
 0.15730   0.41828
 0.15430   0.41851
 0.14830   0.41874
 0.14830   0.41893
 0.14430   0.41913
 0.14130   0.41936
 0.13430   0.41959
 0.13330   0.41978
 0.13130   0.42005
 0.12430   0.42028
 0.12130   0.42048
 0.11430   0.42071
 0.10930   0.42098
 0.10730   0.42121
 0.10330   0.42148
-0.00070   0.44935
 0.00130   0.44962
 0.00130   0.44986
 0.00030   0.45009
-0.00070   0.45032
 0.00030   0.45055
 0.00130   0.45078
-0.00270   0.45101
 0.00230   0.45128
 0.00030   0.45147
 0.00030   0.45174
-0.00070   0.45198
 0.00130   0.45217
-0.00070   0.45240
-0.00170   0.45259
 0.00030   0.45286
-0.00490   0.29868
-0.01790   0.29873
-0.01690   0.29878
-0.02090   0.29883
-0.01290   0.29899
-0.01790   0.29904
-0.01890   0.29910
-0.00890   0.29996
-0.01290   0.30020
-0.00290   0.30025
-0.01890   0.30029
-0.02090   0.30035
-0.01590   0.30041
-0.01390   0.30053
-0.00390   0.30059
-0.01990   0.30066
-0.02090   0.30070
-0.00790   0.37479
-0.00690   0.37485
 0.01310   0.37490
-0.00090   0.37495
 0.00410   0.37500
 0.01610   0.37504
 0.00910   0.37520
 0.00910   0.37526
-0.01590   0.37530
-0.01790   0.37534
 0.01110   0.37538
-0.01690   0.37627
 0.01810   0.37631
 0.00810   0.37636
 0.00810   0.37643
 0.01810   0.37648
-0.00490   0.37689
 0.00110   0.37694
-0.01090   0.37705
 0.01610   0.37787
-0.01590   0.37804
-0.01690   0.37816
-0.01290   0.37822
-0.00090   0.37828
 0.18410   0.41486
 0.19310   0.41491
 0.18010   0.41497
 0.17910   0.41501
 0.17810   0.41505
 0.18010   0.41509
 0.18310   0.41513
 0.17910   0.41518
 0.17410   0.41522
 0.18110   0.41571
 0.18210   0.41577
 0.18610   0.41582
 0.18810   0.41587
 0.17310   0.41592
 0.16510   0.41596
 0.16410   0.41601
 0.17510   0.41606
 0.16810   0.41663
 0.16110   0.41675
 0.16310   0.41682
 0.16110   0.41688
 0.16110   0.41694
 0.15710   0.41704
 0.15510   0.41711
 0.16510   0.41717
 0.15610   0.41723
 0.14710   0.41795
 0.14910   0.41802
-0.00190   0.38357
-0.00190   0.38360
-0.01090   0.38363
-0.00990   0.38366
-0.00390   0.38371
 0.00010   0.38375
-0.00190   0.38378
 0.11210   0.42008
 0.11310   0.42020
 0.11310   0.42031
 0.09810   0.42040
 0.11510   0.42049
 0.10410   0.42059
 0.11210   0.42068
 0.11110   0.42078
 0.07010   0.42211
 0.07410   0.42245
 0.06410   0.42256
 0.06110   0.42267
 0.05310   0.42278
 0.05710   0.42283
 0.02610   0.42443
 0.03310   0.42454
 0.04010   0.42466
 0.03110   0.42481
 0.02510   0.42508
 0.03010   0.42518
 0.02610   0.42531
 0.02410   0.42556
 0.00710   0.42663
-0.00090   0.42680
-0.01190   0.42687
-0.01990   0.42696
-0.00290   0.36798
 0.01710   0.36808
 0.01610   0.36817
 0.01410   0.36820
 0.00010   0.36833
 0.02710   0.36842
-0.01190   0.36862
-0.01290   0.36880
 0.00110   0.36903
 0.01410   0.36934
 0.03110   0.36949
 0.00110   0.36962
 0.01110   0.36979
 0.00710   0.36997
 0.00710   0.37011
 0.00810   0.52276
 0.02610   0.52290
 0.01610   0.52305
 0.00610   0.52322
 0.00410   0.52337
-0.01190   0.52367
 0.00210   0.52384
-0.02290   0.52413
-0.00090   0.52429
 0.00710   0.59881
 0.00610   0.59896
 0.01910   0.59910
 0.02310   0.59927
 0.00410   0.59943
 0.00710   0.59969
 0.01410   0.59984
-0.00390   0.59999
 0.00310   0.60013
 0.00410   0.60027
 0.01210   0.60345
 0.00010   0.60358
-0.00190   0.60375
 0.01210   0.60404
 0.00810   0.60418
 0.00010   0.60434
 0.00710   0.60461
 0.00810   0.60476
 0.01110   0.60490
-0.00390  -0.13126
 0.00910  -0.13102
 0.01110  -0.13088
 0.01410  -0.13074
-0.00390  -0.13049
 0.00910  -0.13043
 0.01210  -0.13031
 0.01410  -0.13018
 0.01110  -0.13004
 0.00010  -0.12973
-0.00390  -0.12958
 0.00110  -0.12942
 0.01610  -0.12697
 0.00810  -0.12685
-0.00090  -0.12672
 0.00810  -0.12658
 0.01010  -0.12646
 0.01310  -0.12624
 0.01110  -0.12611
 0.02110  -0.12599
 0.00310  -0.09172
 0.01010  -0.09158
-0.00090  -0.09144
-0.01190  -0.09129
-0.00490  -0.09117
-0.01390  -0.09091
-0.00290  -0.09064
 0.00910  -0.09053
-0.00890  -0.09044
-0.00290  -0.09031
-0.01090  -0.09026
-0.00790  -0.09014
 0.01010  -0.08746
 0.00110  -0.08736
 0.01610  -0.08724
 0.02410  -0.08711
 0.00610  -0.08692
 0.00810  -0.08677
 0.02110  -0.08664
 0.02510  -0.08648
 0.00110   0.13960
 0.00810   0.13973
 0.02210   0.13988
 0.00710   0.14001
 0.00210   0.14014
 0.00610   0.14035
 0.02910   0.14048
-0.01790   0.14063
 0.01010   0.14075
 0.01010   0.14083
-0.00990   0.37283
-0.02090   0.37307
 0.00510   0.37319
-0.01490   0.37338
-0.00090   0.37349
-0.00390   0.37359
-0.00890   0.37371
 0.15510   0.40844
 0.14510   0.40856
 0.13710   0.40861
 0.15510   0.40865
 0.14810   0.40876
 0.15410   0.40904
 0.15910   0.40912
 0.16210   0.40919
 0.16810   0.40932
 0.16910   0.40939
 0.17610   0.40982
 0.17110   0.40997
 0.16210   0.41002
 0.17810   0.41003
 0.17010   0.41008
 0.17610   0.41022
 0.17810   0.41042
 0.17910   0.41048
 0.18710   0.41054
 0.18710   0.41066
 0.17710   0.41073
 0.17410   0.41079
 0.17510   0.41084
 0.17910   0.41096
 0.16910   0.41108
 0.17910   0.41116
 0.18110   0.41120
 0.18210   0.41132
 0.17510   0.41137
 0.18110   0.41143
 0.18210   0.41155
 0.18010   0.41167
 0.18310   0.41174
 0.18710   0.41179
 0.18110   0.41191
 0.17210   0.41197
 0.18310   0.41202
 0.18210   0.41218
 0.17810   0.41230
 0.18410   0.41236
 0.18310   0.41242
 0.18210   0.41253
 0.17910   0.41260
 0.18710   0.41265
 0.18210   0.41278
 0.19110   0.41297
 0.18610   0.41302
 0.18610   0.41317
 0.18210   0.41326
 0.19410   0.41339
 0.18010   0.41449
 0.18610   0.41456
 0.17810   0.41463
 0.17810   0.41481
 0.17610   0.41487
 0.17010   0.41492
 0.17010   0.41503
 0.18310   0.41518
 0.17010   0.41524
 0.16410   0.41529
 0.17910   0.41544
 0.19010   0.41550
 0.17010   0.41554
 0.18210   0.41571
 0.16910   0.41588
 0.16810   0.41594
 0.16410   0.41601
 0.16010   0.41615
 0.15910   0.41623
 0.15410   0.41641
 0.15210   0.41648
 0.17010   0.41663
 0.16910   0.41670
 0.16810   0.41691
 0.12010   0.40668
 0.13410   0.40677
 0.13010   0.40684
 0.13110   0.40693
 0.13110   0.40700
 0.13110   0.40719
 0.14010   0.40726
 0.12610   0.40744
 0.13510   0.40752
 0.14810   0.40768
 0.16110   0.40774
 0.16110   0.40797
 0.14710   0.40819
 0.16310   0.40827
 0.15710   0.40835
 0.16010   0.40849
 0.17710   0.40857
 0.17310   0.40881
 0.17210   0.40898
 0.17110   0.40906
 0.17910   0.40912
 0.16410   0.40920
 0.17010   0.40935
 0.16610   0.40961
 0.17010   0.40978
 0.17110   0.40984
 0.16410   0.40990
 0.18210   0.41004
 0.16910   0.41009
 0.16910   0.41016
 0.17510   0.41029
 0.18110   0.41049
 0.18410   0.41056
 0.16510   0.41063
 0.17310   0.41070
 0.17510   0.41085
 0.17310   0.41092
 0.17810   0.41100
 0.18110   0.41115
 0.18510   0.41124
 0.18410   0.41141
 0.18710   0.41147
 0.18210   0.41154
 0.18110   0.41183
 0.17810   0.41190
 0.18210   0.41196
 0.18010   0.41210
 0.19210   0.41227
 0.18810   0.41234
 0.18310   0.41242
 0.18610   0.41255
 0.20010   0.41263
 0.19410   0.41335
 0.19410   0.41343
 0.19110   0.41350
 0.19410   0.41366
 0.19710   0.41372
 0.20010   0.41379
 0.19410   0.41394
 0.18110   0.41400
 0.19110   0.41419
 0.18910   0.41425
 0.18110   0.41432
 0.19310   0.41447
 0.18610   0.41454
 0.17710   0.41461
 0.18010   0.41475
 0.18710   0.41482
 0.17910   0.41488
 0.17510   0.41503
 0.18110   0.41510
 0.17110   0.41517
 0.18110   0.41531
 0.17910   0.41538
 0.17610   0.41545
 0.17710   0.41559
 0.17310   0.41575
 0.18010   0.41583
 0.18110   0.41589
 0.17610   0.41610
 0.17310   0.41618
 0.16810   0.41624
 0.17510   0.41632
 0.17210   0.41649
 0.17710   0.41656
 0.17610   0.41678
 0.17210   0.41686
 0.17310   0.41696
 0.17610   0.41712
 0.17010   0.41719
 0.17210   0.41726
 0.16410   0.41741
 0.15610   0.41749
 0.16210   0.41755
 0.15810   0.41764
 0.16510   0.41770
 0.15310   0.41801
 0.14310   0.41808
 0.14810   0.41816
 0.15310   0.41831
 0.14810   0.41839
 0.14710   0.41856
 0.13910   0.41863
 0.13910   0.41870
 0.14310   0.41886
 0.13610   0.41896
 0.14110   0.41904
 0.14210   0.41912
 0.12510   0.41929
 0.13410   0.41937
 0.00210   0.52731
 0.00210   0.52743
-0.01290   0.52762
 0.00710   0.52778
 0.00210   0.52792
-0.00990   0.52823
 0.00010   0.52836
 0.01510   0.52848
 0.00910   0.52863
 0.00710   0.52879
 0.01210   0.56376
 0.00310   0.56391
 0.00210   0.56406
 0.00210   0.56413
 0.01710   0.56429
 0.00110   0.56463
-0.00490   0.56471
 0.00110  -0.01038
-0.01090  -0.01016
-0.00790  -0.01006
-0.01090  -0.00989
-0.00890  -0.00981
-0.00090  -0.00963
-0.00990  -0.00957
 0.00110  -0.00944
 0.00110  -0.00935
-0.00090  -0.00929
-0.00790  -0.00915
-0.00690  -0.00909
-0.00790  -0.00871
-0.01290  -0.00840
-0.00290  -0.00827
-0.00390  -0.00820
-0.00090  -0.00813
-0.00290  -0.00804
 0.00610  -0.00798
-0.00290  -0.00792
 0.00310  -0.00775
 0.01510  -0.00770
 0.01410  -0.00756
 0.00210  -0.00749
 0.01110  -0.00743
 0.01710  -0.00737
 0.03310  -0.00692
 0.03810  -0.00685
 0.03710  -0.00671
 0.04710  -0.00665
 0.06110  -0.00645
 0.06510  -0.00637
 0.07510  -0.00632
 0.06610  -0.00618
 0.07110  -0.00611
 0.08710  -0.00605
 0.08610  -0.00599
 0.09410  -0.00584
 0.10210  -0.00578
 0.10210  -0.00571
 0.11110  -0.00558
 0.12510  -0.00552
 0.13210  -0.00545
 0.11710  -0.00539
 0.13110  -0.00521
 0.14310  -0.00514
 0.13210  -0.00507
 0.14010  -0.00501
 0.13310  -0.00487
 0.17110  -0.00482
 0.18010  -0.00475
 0.17910  -0.00469
 0.17110  -0.00455
 0.16210  -0.00448
 0.17610  -0.00441
 0.17610  -0.00428
 0.18710  -0.00411
 0.20310  -0.00405
 0.21310  -0.00391
 0.21810  -0.00384
 0.21510  -0.00376
 0.00110  -0.00898
-0.00390  -0.00894
-0.00790  -0.00889
 0.00710  -0.00879
-0.01090  -0.00875
-0.00990  -0.00870
 0.00110  -0.00864
 0.00210  -0.00855
 0.00310  -0.00845
-0.01190  -0.00842
-0.01390  -0.00838
 0.00410  -0.00828
-0.01290  -0.00823
 0.00110  -0.00819
 0.00410  -0.00809
-0.00990  -0.00805
-0.00390  -0.00791
 0.01210  -0.00782
 0.01010  -0.00777
 0.01210  -0.00772
 0.00610  -0.00763
-0.00790  -0.00759
 0.00110  -0.00755
 0.01110  -0.00746
-0.00290  -0.00741
 0.00710  -0.00730
 0.02510  -0.00726
 0.03310  -0.00717
 0.03810  -0.00713
 0.03710  -0.00709
 0.02310  -0.00704
 0.06010  -0.00695
 0.03910  -0.00690
 0.02810  -0.00680
 0.04010  -0.00677
 0.06910  -0.00664
 0.05210  -0.00660
 0.04810  -0.00656
 0.03410  -0.00645
 0.05110  -0.00641
 0.05110  -0.00637
 0.04610  -0.00633
 0.05910  -0.00623
 0.07810  -0.00619
 0.05410  -0.00607
 0.05210  -0.00603
 0.04610  -0.00599
 0.08010  -0.00591
 0.08810  -0.00587
 0.07610  -0.00584
 0.09410  -0.00579
 0.08410  -0.00574
 0.10010  -0.00564
 0.11710  -0.00560
 0.10010  -0.00556
 0.12210  -0.00546
 0.11610  -0.00534
 0.01610   0.39830
 0.02710   0.39833
 0.01510   0.39843
 0.01310   0.39847
 0.01010   0.39850
 0.01110   0.39858
 0.00810   0.39868
 0.00810   0.39876
 0.02010   0.39879
 0.00610   0.39883
 0.00710   0.39892
 0.02910   0.39895
 0.01910   0.39905
 0.02410   0.39913
 0.01210   0.39918
 0.02510   0.39926
 0.01410   0.39930
 0.02510   0.39934
 0.01810   0.39938
 0.00810   0.39941
 0.01410   0.39949
 0.02710   0.39973
 0.02610   0.39982
 0.02010   0.39986
 0.03110   0.39990
 0.02410   0.39993
 0.02810   0.39996
 0.00310   0.40004
 0.01910   0.40008
 0.03110   0.40012
 0.01510   0.40015
 0.01810   0.40023
 0.05410   0.40247
 0.05910   0.40256
 0.05710   0.40259
 0.08310   0.40263
 0.05710   0.40271
 0.07510   0.40280
 0.07010   0.40288
 0.06110   0.40297
 0.07910   0.40301
 0.07010   0.40309
 0.09910   0.40318
 0.09810   0.40328
 0.10510   0.40341
 0.09410   0.40345
 0.06310   0.40349
 0.06810   0.40357
-0.00070   0.51853
 0.00030   0.51885
 0.00230   0.51917
 0.00030   0.55630
 0.01430   0.55660
 0.01330   0.55689
-0.00470   0.01465
 0.01230   0.01516
-0.01370   0.01556
 0.01130   0.05296
 0.01330   0.05331
 0.00730   0.05374
 0.01330   0.13141
 0.00230   0.13181
 0.01730   0.13221
-0.00970   0.16841
 0.01730   0.16868
 0.00230   0.16886
-0.00570   0.47863
-0.00870   0.47904
-0.00770   0.47917
-0.00170   0.55432
 0.00630   0.55459
-0.00870   0.55488
 0.00130   0.59304
 0.00630   0.59328
 0.00730   0.59354
 0.01230   0.31779
 0.00030   0.31806
 0.00730   0.31833
-0.00970   0.35759
 0.01330   0.35788
 0.00730   0.35810
-0.03070   0.66493
-0.01470   0.66507
-0.00670   0.66518
 0.00430  -0.18081
 0.00030  -0.18056
-0.00670  -0.18033
 0.00030  -0.14420
-0.00170  -0.14391
 0.00130  -0.14367
 0.01830   0.62723
-0.00270   0.62755
-0.01470   0.62785
 0.00230  -0.29696
-0.00770  -0.29664
-0.00370  -0.29627
-0.01370  -0.25699
 0.01630  -0.25675
-0.00270  -0.25643
 0.00430   0.54437
 0.00030   0.54461
 0.00730   0.54484
-0.00370  -0.07061
 0.00530  -0.07041
 0.00430  -0.07020
 0.39130  -0.00132
 0.40130  -0.00103
 0.41030  -0.00086
 0.41330   0.00090
 0.40630   0.00109
 0.39530   0.00125
 0.38730   0.00141
 0.38030   0.00157
 0.36530   0.00179
 0.35230   0.00195
 0.35330   0.00208
 0.33430   0.00224
 0.33030   0.00246
 0.30230   0.00283
 0.28130   0.00305
 0.24930   0.00332
 0.24730   0.00361
 0.22430   0.00380
 0.21230   0.00404
 0.19330   0.00425
 0.16930   0.00465
 0.15330   0.00489
 0.12930   0.00516
 0.11130   0.00543
 0.10130   0.00570
 0.08830   0.00586
 0.07630   0.00618
 0.05930   0.00645
 0.03830   0.00682
 0.03330   0.00706
 0.02430   0.00730
 0.01530   0.00757
 0.01430   0.00787
 0.01230   0.00813
 0.00430   0.00848
 0.00530   0.00888
 0.01030   0.00926
-0.00270   0.00953
 0.01030   0.04214
 0.00130   0.04273
 0.01130   0.04326
-0.00670   0.50647
 0.00730   0.50666
 0.00330   0.50688
 0.01430   0.50524
 0.00930   0.50554
 0.01030   0.50581
-0.00070  -0.22604
 0.00230  -0.22580
 0.00530  -0.22556
-0.00270  -0.18837
-0.01870  -0.18816
-0.00470  -0.18800
 0.00630   0.53981
-0.00070   0.54018
-0.00070   0.54051
-0.00170   0.54388
 0.00230   0.54439
-0.00270   0.54468
 0.00630  -0.07894
-0.00070  -0.07860
-0.00170  -0.07835
 0.00530  -0.04094
-0.00470  -0.04067
-0.00370  -0.04040
-0.00670   0.11501
-0.00770   0.11525
-0.00270   0.11548
 0.00230   0.22958
 0.00130   0.23007
-0.00170   0.23033
 0.00130   0.34538
 0.00230   0.34563
-0.00270   0.34601
 0.00530   0.45963
-0.00370   0.45995
-0.00770   0.46027
 0.13330   0.40802
 0.13830   0.40827
 0.15330   0.40841
 0.14230   0.40855
 0.15830   0.40875
 0.15030   0.40901
 0.15630   0.40926
 0.16330   0.40950
 0.16030   0.40984
 0.16830   0.41020
 0.16830   0.41037
 0.17330   0.41055
 0.17830   0.41083
 0.17830   0.41110
 0.18630   0.41135
 0.18130   0.41152
 0.17930   0.41172
 0.17830   0.41194
 0.18130   0.41210
 0.17530   0.41225
 0.17930   0.41241
 0.18330   0.41256
 0.18430   0.41280
 0.17730   0.41295
 0.17630   0.41312
 0.18930   0.41329
 0.19130   0.41348
 0.18430   0.41362
 0.18630   0.41378
 0.18330   0.41397
 0.18430   0.41411
 0.17630   0.41424
 0.17330   0.41437
 0.17630   0.41458
 0.17630   0.41473
 0.17730   0.41498
 0.17230   0.41518
 0.16330   0.41537
 0.17430   0.41551
 0.16530   0.41565
 0.16530   0.41584
 0.18230   0.41598
-0.00180  -0.26045
 0.00820  -0.26019
 0.00920  -0.25989
-0.00480  -0.25958
-0.00580  -0.25934
-0.01180  -0.18626
-0.00580  -0.18613
-0.00980  -0.18591
-0.00580  -0.18577
-0.00980  -0.18557
-0.00380  -0.18544
 0.00120  -0.18519
-0.00280  -0.15208
-0.00180  -0.15183
 0.00120  -0.15157
-0.00580  -0.15135
 0.00320  -0.10926
 0.00420  -0.10900
-0.00680  -0.10876
-0.00180  -0.10853
 0.00120  -0.10831
-0.00080  -0.07418
 0.00320  -0.07359
 0.00020  -0.07340
-0.00080  -0.07290
 0.00120  -0.03529
-0.00280  -0.03479
-0.00080  -0.03456
-0.00380  -0.03398
-0.00480  -0.03340
 0.35820  -0.00182
 0.40420  -0.00155
 0.39720  -0.00130
 0.41520  -0.00106
 0.41420  -0.00082
 0.43320  -0.00069
 0.42120  -0.00060
 0.42820  -0.00038
 0.43220  -0.00026
 0.43020  -0.00017
 0.42020   0.00004
 0.42420   0.00016
 0.43320   0.00026
 0.42620   0.00046
 0.42520   0.00057
 0.42320   0.00065
 0.40920   0.00114
 0.37520   0.00126
 0.40020   0.00134
 0.38720   0.00153
 0.35420   0.00166
 0.35320   0.00186
 0.35920   0.00197
 0.31720   0.00243
 0.31220   0.00256
 0.30520   0.00265
 0.28820   0.00287
 0.28020   0.00298
 0.27520   0.00318
 0.25220   0.00331
 0.23720   0.00351
 0.23620   0.00364
 0.21220   0.00386
 0.20320   0.00397
 0.16220   0.00460
 0.14620   0.00473
 0.14320   0.00498
 0.12720   0.00511
 0.12420   0.00531
 0.11020   0.00545
 0.09420   0.00567
 0.09320   0.00581
 0.06220   0.00632
 0.05020   0.00644
 0.05120   0.00666
 0.04620   0.00680
 0.02920   0.00700
 0.03420   0.00712
 0.02920   0.00734
 0.02720   0.00746
 0.01320   0.00804
 0.00320   0.00816
-0.00180   0.00838
 0.00320   0.00851
-0.00580   0.00872
-0.00280   0.00885
-0.00380   0.00905
-0.00280   0.00919
-0.00180   0.04187
 0.00820   0.04212
-0.00580   0.04240
-0.00480   0.04266
 0.00580  -0.09255
-0.00220  -0.09200
 0.00380  -0.09155
-0.00620  -0.05238
-0.00120  -0.05210
-0.00720  -0.05171
-0.00190   0.14108
-0.00390   0.14163
-0.00690   0.14506
 0.00810  -0.16688
-0.00190  -0.16632
 0.00310  -0.16345
-0.00190  -0.16290
-0.00890  -0.20714
-0.00490  -0.20371
-0.01090  -0.20028
-0.00190  -0.27925
 0.00010  -0.27870
 0.00210  -0.27583
-0.00090  -0.27528
 0.06010  -0.00641
 0.23910  -0.00354
 0.27810  -0.00299
 0.43510  -0.00011
 0.42310   0.00044
 0.25310   0.00332
 0.21610   0.00387
-0.00090  -0.06123
-0.00490  -0.05781
 0.00710  -0.05438
 0.00810  -0.05383
-0.00890  -0.00880
-0.00690   0.44357
-0.00090   0.44644
 0.00210   0.45673
 0.00010  -0.22455
-0.00790  -0.22112
-0.00290  -0.21769
 0.00110  -0.21426
-0.00790   0.20020
-0.00690   0.20075
 0.00210   0.20363
-0.00790   0.20418
 0.00310   0.20705
 0.00310  -0.08717
 0.01510  -0.08662
 0.00410  -0.08032
 0.01610   0.54023
 0.00110   0.54365
-0.00890   0.54420
-0.00190   0.55393
-0.01090   0.55448
-0.00090   0.55736
-0.00690   0.55791
 0.00010   0.56079
-0.00790   0.56134
-0.00790   0.57107
 0.00510   0.57162
-0.00290   0.57449
 0.01510  -0.13763
 0.00310  -0.13708
 0.01710  -0.13421
-0.00090  -0.13366
 0.00810  -0.13078
 0.00110  -0.13023
-0.00290  -0.12050
-0.00390  -0.11995
-0.00590  -0.11707
-0.00590  -0.11652
 0.00910  -0.11364
-0.00690  -0.11309
 0.00110  -0.10337
 0.00210  -0.10281
-0.00590  -0.09939
 0.00310   0.29518
 0.00910   0.29574
 0.00810   0.29861
 0.00610   0.29916
-0.00290   0.30889
 0.00510   0.30944
-0.01090   0.31232
 0.00510   0.31287
 0.00010  -0.10164
-0.00090  -0.09081
 0.00510  -0.08794
 0.00410  -0.08739
 0.01110   0.29278
 0.01610   0.54662
-0.00090   0.54717
-0.00290   0.19428
 0.00610   0.61344
-0.00490   0.61400
-0.00190   0.61687
-0.00490   0.61742
 0.00410   0.62030
-0.00590   0.62085
 0.00810   0.05891
-0.00290   0.05946
-0.00490   0.06233
 0.00110   0.06289
-0.00090   0.36724
 0.00210   0.36780
 0.00810   0.46342
 0.00110   0.46397
-0.00190   0.26518
 0.00410   0.26573
 0.00810   0.27546
 0.00010   0.27601
-0.00390   0.56725
-0.00390   0.56780
-0.00990   0.57068
-0.00590   0.06279
-0.00590   0.20157
 0.00410   0.20444
 0.00000   0.00000
