 OMCLC,PHSP                                                              
       0.1000000E+01      -0.8890000E-02 1.00
       0.1000000E+01      -0.8660000E-02 1.00
       0.1000000E+01      -0.8430000E-02 1.00
       0.1000000E+01      -0.8280000E-02 1.00
       0.1000000E+01      -0.8040000E-02 1.00
       0.1000000E+01      -0.7850000E-02 1.00
       0.1000000E+01      -0.7620000E-02 1.00
       0.1000000E+01      -0.7430000E-02 1.00
       0.1000000E+01      -0.7230000E-02 1.00
       0.1000000E+01      -0.7000000E-02 1.00
       0.1000000E+01      -0.6770000E-02 1.00
       0.1000000E+01      -0.6620000E-02 1.00
       0.1000000E+01      -0.6390000E-02 1.00
       0.1000000E+01      -0.6190000E-02 1.00
       0.1000000E+01      -0.6000000E-02 1.00
       0.1000000E+01      -0.5810000E-02 1.00
       0.1000000E+01      -0.5610000E-02 1.00
       0.1000000E+01      -0.5420000E-02 1.00
       0.1000000E+01      -0.5270000E-02 1.00
       0.1000000E+01      -0.5040000E-02 1.00
       0.1000000E+01      -0.4840000E-02 1.00
       0.1000000E+01      -0.4650000E-02 1.00
       0.1000000E+01      -0.4420000E-02 1.00
       0.1000000E+01      -0.4190000E-02 1.00
       0.1000000E+01       0.2216400E+00 1.00
       0.1000000E+01       0.2218700E+00 1.00
       0.1000000E+01       0.2220600E+00 1.00
       0.1000000E+01       0.2222500E+00 1.00
       0.1000000E+01       0.2224500E+00 1.00
       0.1000000E+01       0.2226400E+00 1.00
       0.1000000E+01       0.2229100E+00 1.00
       0.1000000E+01       0.2231000E+00 1.00
       0.1000000E+01       0.2233300E+00 1.00
       0.1000000E+01       0.2234900E+00 1.00
       0.1000000E+01       0.2237200E+00 1.00
       0.1000000E+01       0.2239100E+00 1.00
       0.1000000E+01       0.2241000E+00 1.00
       0.1000000E+01       0.2243000E+00 1.00
       0.1000000E+01       0.2245300E+00 1.00
       0.1000000E+01       0.2247200E+00 1.00
       0.1000000E+01       0.2249500E+00 1.00
       0.1000000E+01       0.2251800E+00 1.00
       0.1000000E+01       0.2253400E+00 1.00
       0.1000000E+01       0.2255300E+00 1.00
       0.1000000E+01       0.3369200E+00 1.00
       0.1000000E+01       0.3371500E+00 1.00
       0.1000000E+01       0.3374200E+00 1.00
       0.1000000E+01       0.3376200E+00 1.00
       0.1000000E+01       0.3378100E+00 1.00
       0.1000000E+01       0.3380400E+00 1.00
       0.1000000E+01       0.4160400E+00 1.00
       0.1000000E+01       0.4163100E+00 1.00
       0.1000000E+01       0.4165000E+00 1.00
       0.1000000E+01       0.4167400E+00 1.00
       0.1000000E+01       0.4169300E+00 1.00
       0.1000000E+01       0.4171200E+00 1.00
       0.1000000E+01       0.4173500E+00 1.00
       0.1000000E+01       0.4175800E+00 1.00
       0.1000000E+01       0.4178100E+00 1.00
       0.1000000E+01       0.4180800E+00 1.00
       0.1000000E+01       0.4182800E+00 1.00
       0.1000000E+01       0.4185100E+00 1.00
       0.1000000E+01       0.4187400E+00 1.00
       0.1000000E+01       0.4189300E+00 1.00
       0.1000000E+01       0.4191300E+00 1.00
       0.1000000E+01       0.4193600E+00 1.00
       0.1000000E+01       0.4195900E+00 1.00
       0.1000000E+01       0.4197800E+00 1.00
       0.1000000E+01       0.4200500E+00 1.00
       0.1000000E+01       0.4202800E+00 1.00
       0.1000000E+01       0.4204800E+00 1.00
       0.1000000E+01       0.4207100E+00 1.00
       0.1000000E+01       0.4209800E+00 1.00
       0.1000000E+01       0.4212100E+00 1.00
       0.1000000E+01       0.4214800E+00 1.00
       0.1000000E+01       0.4493500E+00 1.00
       0.1000000E+01       0.4496200E+00 1.00
       0.1000000E+01       0.4498600E+00 1.00
       0.1000000E+01       0.4500900E+00 1.00
       0.1000000E+01       0.4503200E+00 1.00
       0.1000000E+01       0.4505500E+00 1.00
       0.1000000E+01       0.4507800E+00 1.00
       0.1000000E+01       0.4510100E+00 1.00
       0.1000000E+01       0.4512800E+00 1.00
       0.1000000E+01       0.4514700E+00 1.00
       0.1000000E+01       0.4517400E+00 1.00
       0.1000000E+01       0.4519800E+00 1.00
       0.1000000E+01       0.4521700E+00 1.00
       0.1000000E+01       0.4524000E+00 1.00
       0.1000000E+01       0.4525900E+00 1.00
       0.1000000E+01       0.4528600E+00 1.00
       0.1000000E+01       0.2986800E+00 1.00
       0.1000000E+01       0.2987300E+00 1.00
       0.1000000E+01       0.2987800E+00 1.00
       0.1000000E+01       0.2988300E+00 1.00
       0.1000000E+01       0.2989900E+00 1.00
       0.1000000E+01       0.2990400E+00 1.00
       0.1000000E+01       0.2991000E+00 1.00
       0.1000000E+01       0.2999600E+00 1.00
       0.1000000E+01       0.3002000E+00 1.00
       0.1000000E+01       0.3002500E+00 1.00
       0.1000000E+01       0.3002900E+00 1.00
       0.1000000E+01       0.3003500E+00 1.00
       0.1000000E+01       0.3004100E+00 1.00
       0.1000000E+01       0.3005300E+00 1.00
       0.1000000E+01       0.3005900E+00 1.00
       0.1000000E+01       0.3006600E+00 1.00
       0.1000000E+01       0.3007000E+00 1.00
       0.1000000E+01       0.3747900E+00 1.00
       0.1000000E+01       0.3748500E+00 1.00
       0.1000000E+01       0.3749000E+00 1.00
       0.1000000E+01       0.3749500E+00 1.00
       0.1000000E+01       0.3750000E+00 1.00
       0.1000000E+01       0.3750400E+00 1.00
       0.1000000E+01       0.3752000E+00 1.00
       0.1000000E+01       0.3752600E+00 1.00
       0.1000000E+01       0.3753000E+00 1.00
       0.1000000E+01       0.3753400E+00 1.00
       0.1000000E+01       0.3753800E+00 1.00
       0.1000000E+01       0.3762700E+00 1.00
       0.1000000E+01       0.3763100E+00 1.00
       0.1000000E+01       0.3763600E+00 1.00
       0.1000000E+01       0.3764300E+00 1.00
       0.1000000E+01       0.3764800E+00 1.00
       0.1000000E+01       0.3768900E+00 1.00
       0.1000000E+01       0.3769400E+00 1.00
       0.1000000E+01       0.3770500E+00 1.00
       0.1000000E+01       0.3778700E+00 1.00
       0.1000000E+01       0.3780400E+00 1.00
       0.1000000E+01       0.3781600E+00 1.00
       0.1000000E+01       0.3782200E+00 1.00
       0.1000000E+01       0.3782800E+00 1.00
       0.1000000E+01       0.4148600E+00 1.00
       0.1000000E+01       0.4149100E+00 1.00
       0.1000000E+01       0.4149700E+00 1.00
       0.1000000E+01       0.4150100E+00 1.00
       0.1000000E+01       0.4150500E+00 1.00
       0.1000000E+01       0.4150900E+00 1.00
       0.1000000E+01       0.4151300E+00 1.00
       0.1000000E+01       0.4151800E+00 1.00
       0.1000000E+01       0.4152200E+00 1.00
       0.1000000E+01       0.4157100E+00 1.00
       0.1000000E+01       0.4157700E+00 1.00
       0.1000000E+01       0.4158200E+00 1.00
       0.1000000E+01       0.4158700E+00 1.00
       0.1000000E+01       0.4159200E+00 1.00
       0.1000000E+01       0.4159600E+00 1.00
       0.1000000E+01       0.4160100E+00 1.00
       0.1000000E+01       0.4160600E+00 1.00
       0.1000000E+01       0.4166300E+00 1.00
       0.1000000E+01       0.4167500E+00 1.00
       0.1000000E+01       0.4168200E+00 1.00
       0.1000000E+01       0.4168800E+00 1.00
       0.1000000E+01       0.4169400E+00 1.00
       0.1000000E+01       0.4170400E+00 1.00
       0.1000000E+01       0.4171100E+00 1.00
       0.1000000E+01       0.4171700E+00 1.00
       0.1000000E+01       0.4172300E+00 1.00
       0.1000000E+01       0.4179500E+00 1.00
       0.1000000E+01       0.4180200E+00 1.00
       0.1000000E+01       0.3835700E+00 1.00
       0.1000000E+01       0.3836000E+00 1.00
       0.1000000E+01       0.3836300E+00 1.00
       0.1000000E+01       0.3836600E+00 1.00
       0.1000000E+01       0.3837100E+00 1.00
       0.1000000E+01       0.3837500E+00 1.00
       0.1000000E+01       0.3837800E+00 1.00
       0.1000000E+01       0.4200800E+00 1.00
       0.1000000E+01       0.4202000E+00 1.00
       0.1000000E+01       0.4203100E+00 1.00
       0.1000000E+01       0.4204000E+00 1.00
       0.1000000E+01       0.4204900E+00 1.00
       0.1000000E+01       0.4205900E+00 1.00
       0.1000000E+01       0.4206800E+00 1.00
       0.1000000E+01       0.4207800E+00 1.00
       0.1000000E+01       0.4221100E+00 1.00
       0.1000000E+01       0.4224500E+00 1.00
       0.1000000E+01       0.4225600E+00 1.00
       0.1000000E+01       0.4226700E+00 1.00
       0.1000000E+01       0.4227800E+00 1.00
       0.1000000E+01       0.4228300E+00 1.00
       0.1000000E+01       0.4244300E+00 1.00
       0.1000000E+01       0.4245400E+00 1.00
       0.1000000E+01       0.4246600E+00 1.00
       0.1000000E+01       0.4248100E+00 1.00
       0.1000000E+01       0.4250800E+00 1.00
       0.1000000E+01       0.4251800E+00 1.00
       0.1000000E+01       0.4253100E+00 1.00
       0.1000000E+01       0.4255600E+00 1.00
       0.1000000E+01       0.4266300E+00 1.00
       0.1000000E+01       0.4268000E+00 1.00
       0.1000000E+01       0.4268700E+00 1.00
       0.1000000E+01       0.4269600E+00 1.00
       0.1000000E+01       0.3679800E+00 1.00
       0.1000000E+01       0.3680800E+00 1.00
       0.1000000E+01       0.3681700E+00 1.00
       0.1000000E+01       0.3682000E+00 1.00
       0.1000000E+01       0.3683300E+00 1.00
       0.1000000E+01       0.3684200E+00 1.00
       0.1000000E+01       0.3686200E+00 1.00
       0.1000000E+01       0.3688000E+00 1.00
       0.1000000E+01       0.3690300E+00 1.00
       0.1000000E+01       0.3693400E+00 1.00
       0.1000000E+01       0.3694900E+00 1.00
       0.1000000E+01       0.3696200E+00 1.00
       0.1000000E+01       0.3697900E+00 1.00
       0.1000000E+01       0.3699700E+00 1.00
       0.1000000E+01       0.3701100E+00 1.00
       0.1000000E+01       0.5227600E+00 1.00
       0.1000000E+01       0.5229000E+00 1.00
       0.1000000E+01       0.5230500E+00 1.00
       0.1000000E+01       0.5232200E+00 1.00
       0.1000000E+01       0.5233700E+00 1.00
       0.1000000E+01       0.5236700E+00 1.00
       0.1000000E+01       0.5238400E+00 1.00
       0.1000000E+01       0.5241300E+00 1.00
       0.1000000E+01       0.5242900E+00 1.00
       0.1000000E+01       0.5988100E+00 1.00
       0.1000000E+01       0.5989600E+00 1.00
       0.1000000E+01       0.5991000E+00 1.00
       0.1000000E+01       0.5992700E+00 1.00
       0.1000000E+01       0.5994300E+00 1.00
       0.1000000E+01       0.5996900E+00 1.00
       0.1000000E+01       0.5998400E+00 1.00
       0.1000000E+01       0.5999900E+00 1.00
       0.1000000E+01       0.6001300E+00 1.00
       0.1000000E+01       0.6002700E+00 1.00
       0.1000000E+01       0.6034500E+00 1.00
       0.1000000E+01       0.6035800E+00 1.00
       0.1000000E+01       0.6037500E+00 1.00
       0.1000000E+01       0.6040400E+00 1.00
       0.1000000E+01       0.6041800E+00 1.00
       0.1000000E+01       0.6043400E+00 1.00
       0.1000000E+01       0.6046100E+00 1.00
       0.1000000E+01       0.6047600E+00 1.00
       0.1000000E+01       0.6049000E+00 1.00
       0.1000000E+01      -0.1312600E+00 1.00
       0.1000000E+01      -0.1310200E+00 1.00
       0.1000000E+01      -0.1308800E+00 1.00
       0.1000000E+01      -0.1307400E+00 1.00
       0.1000000E+01      -0.1304900E+00 1.00
       0.1000000E+01      -0.1304300E+00 1.00
       0.1000000E+01      -0.1303100E+00 1.00
       0.1000000E+01      -0.1301800E+00 1.00
       0.1000000E+01      -0.1300400E+00 1.00
       0.1000000E+01      -0.1297300E+00 1.00
       0.1000000E+01      -0.1295800E+00 1.00
       0.1000000E+01      -0.1294200E+00 1.00
       0.1000000E+01      -0.1269700E+00 1.00
       0.1000000E+01      -0.1268500E+00 1.00
       0.1000000E+01      -0.1267200E+00 1.00
       0.1000000E+01      -0.1265800E+00 1.00
       0.1000000E+01      -0.1264600E+00 1.00
       0.1000000E+01      -0.1262400E+00 1.00
       0.1000000E+01      -0.1261100E+00 1.00
       0.1000000E+01      -0.1259900E+00 1.00
       0.1000000E+01      -0.9172000E-01 1.00
       0.1000000E+01      -0.9158000E-01 1.00
       0.1000000E+01      -0.9144000E-01 1.00
       0.1000000E+01      -0.9129000E-01 1.00
       0.1000000E+01      -0.9117000E-01 1.00
       0.1000000E+01      -0.9091000E-01 1.00
       0.1000000E+01      -0.9064000E-01 1.00
       0.1000000E+01      -0.9053000E-01 1.00
       0.1000000E+01      -0.9044000E-01 1.00
       0.1000000E+01      -0.9031000E-01 1.00
       0.1000000E+01      -0.9026000E-01 1.00
       0.1000000E+01      -0.9014000E-01 1.00
       0.1000000E+01      -0.8746000E-01 1.00
       0.1000000E+01      -0.8736000E-01 1.00
       0.1000000E+01      -0.8724000E-01 1.00
       0.1000000E+01      -0.8711000E-01 1.00
       0.1000000E+01      -0.8692000E-01 1.00
       0.1000000E+01      -0.8677000E-01 1.00
       0.1000000E+01      -0.8664000E-01 1.00
       0.1000000E+01      -0.8648000E-01 1.00
       0.1000000E+01       0.1396000E+00 1.00
       0.1000000E+01       0.1397300E+00 1.00
       0.1000000E+01       0.1398800E+00 1.00
       0.1000000E+01       0.1400100E+00 1.00
       0.1000000E+01       0.1401400E+00 1.00
       0.1000000E+01       0.1403500E+00 1.00
       0.1000000E+01       0.1404800E+00 1.00
       0.1000000E+01       0.1406300E+00 1.00
       0.1000000E+01       0.1407500E+00 1.00
       0.1000000E+01       0.1408300E+00 1.00
       0.1000000E+01       0.3728300E+00 1.00
       0.1000000E+01       0.3730700E+00 1.00
       0.1000000E+01       0.3731900E+00 1.00
       0.1000000E+01       0.3733800E+00 1.00
       0.1000000E+01       0.3734900E+00 1.00
       0.1000000E+01       0.3735900E+00 1.00
       0.1000000E+01       0.3737100E+00 1.00
       0.1000000E+01       0.4084400E+00 1.00
       0.1000000E+01       0.4085600E+00 1.00
       0.1000000E+01       0.4086100E+00 1.00
       0.1000000E+01       0.4086500E+00 1.00
       0.1000000E+01       0.4087600E+00 1.00
       0.1000000E+01       0.4090400E+00 1.00
       0.1000000E+01       0.4091200E+00 1.00
       0.1000000E+01       0.4091900E+00 1.00
       0.1000000E+01       0.4093200E+00 1.00
       0.1000000E+01       0.4093900E+00 1.00
       0.1000000E+01       0.4098200E+00 1.00
       0.1000000E+01       0.4099700E+00 1.00
       0.1000000E+01       0.4100200E+00 1.00
       0.1000000E+01       0.4100300E+00 1.00
       0.1000000E+01       0.4100800E+00 1.00
       0.1000000E+01       0.4102200E+00 1.00
       0.1000000E+01       0.4104200E+00 1.00
       0.1000000E+01       0.4104800E+00 1.00
       0.1000000E+01       0.4105400E+00 1.00
       0.1000000E+01       0.4106600E+00 1.00
       0.1000000E+01       0.4107300E+00 1.00
       0.1000000E+01       0.4107900E+00 1.00
       0.1000000E+01       0.4108400E+00 1.00
       0.1000000E+01       0.4109600E+00 1.00
       0.1000000E+01       0.4110800E+00 1.00
       0.1000000E+01       0.4111600E+00 1.00
       0.1000000E+01       0.4112000E+00 1.00
       0.1000000E+01       0.4113200E+00 1.00
       0.1000000E+01       0.4113700E+00 1.00
       0.1000000E+01       0.4114300E+00 1.00
       0.1000000E+01       0.4115500E+00 1.00
       0.1000000E+01       0.4116700E+00 1.00
       0.1000000E+01       0.4117400E+00 1.00
       0.1000000E+01       0.4117900E+00 1.00
       0.1000000E+01       0.4119100E+00 1.00
       0.1000000E+01       0.4119700E+00 1.00
       0.1000000E+01       0.4120200E+00 1.00
       0.1000000E+01       0.4121800E+00 1.00
       0.1000000E+01       0.4123000E+00 1.00
       0.1000000E+01       0.4123600E+00 1.00
       0.1000000E+01       0.4124200E+00 1.00
       0.1000000E+01       0.4125300E+00 1.00
       0.1000000E+01       0.4126000E+00 1.00
       0.1000000E+01       0.4126500E+00 1.00
       0.1000000E+01       0.4127800E+00 1.00
       0.1000000E+01       0.4129700E+00 1.00
       0.1000000E+01       0.4130200E+00 1.00
       0.1000000E+01       0.4131700E+00 1.00
       0.1000000E+01       0.4132600E+00 1.00
       0.1000000E+01       0.4133900E+00 1.00
       0.1000000E+01       0.4144900E+00 1.00
       0.1000000E+01       0.4145600E+00 1.00
       0.1000000E+01       0.4146300E+00 1.00
       0.1000000E+01       0.4148100E+00 1.00
       0.1000000E+01       0.4148700E+00 1.00
       0.1000000E+01       0.4149200E+00 1.00
       0.1000000E+01       0.4150300E+00 1.00
       0.1000000E+01       0.4151800E+00 1.00
       0.1000000E+01       0.4152400E+00 1.00
       0.1000000E+01       0.4152900E+00 1.00
       0.1000000E+01       0.4154400E+00 1.00
       0.1000000E+01       0.4155000E+00 1.00
       0.1000000E+01       0.4155400E+00 1.00
       0.1000000E+01       0.4157100E+00 1.00
       0.1000000E+01       0.4158800E+00 1.00
       0.1000000E+01       0.4159400E+00 1.00
       0.1000000E+01       0.4160100E+00 1.00
       0.1000000E+01       0.4161500E+00 1.00
       0.1000000E+01       0.4162300E+00 1.00
       0.1000000E+01       0.4164100E+00 1.00
       0.1000000E+01       0.4164800E+00 1.00
       0.1000000E+01       0.4166300E+00 1.00
       0.1000000E+01       0.4167000E+00 1.00
       0.1000000E+01       0.4169100E+00 1.00
       0.1000000E+01       0.4066800E+00 1.00
       0.1000000E+01       0.4067700E+00 1.00
       0.1000000E+01       0.4068400E+00 1.00
       0.1000000E+01       0.4069300E+00 1.00
       0.1000000E+01       0.4070000E+00 1.00
       0.1000000E+01       0.4071900E+00 1.00
       0.1000000E+01       0.4072600E+00 1.00
       0.1000000E+01       0.4074400E+00 1.00
       0.1000000E+01       0.4075200E+00 1.00
       0.1000000E+01       0.4076800E+00 1.00
       0.1000000E+01       0.4077400E+00 1.00
       0.1000000E+01       0.4079700E+00 1.00
       0.1000000E+01       0.4081900E+00 1.00
       0.1000000E+01       0.4082700E+00 1.00
       0.1000000E+01       0.4083500E+00 1.00
       0.1000000E+01       0.4084900E+00 1.00
       0.1000000E+01       0.4085700E+00 1.00
       0.1000000E+01       0.4088100E+00 1.00
       0.1000000E+01       0.4089800E+00 1.00
       0.1000000E+01       0.4090600E+00 1.00
       0.1000000E+01       0.4091200E+00 1.00
       0.1000000E+01       0.4092000E+00 1.00
       0.1000000E+01       0.4093500E+00 1.00
       0.1000000E+01       0.4096100E+00 1.00
       0.1000000E+01       0.4097800E+00 1.00
       0.1000000E+01       0.4098400E+00 1.00
       0.1000000E+01       0.4099000E+00 1.00
       0.1000000E+01       0.4100400E+00 1.00
       0.1000000E+01       0.4100900E+00 1.00
       0.1000000E+01       0.4101600E+00 1.00
       0.1000000E+01       0.4102900E+00 1.00
       0.1000000E+01       0.4104900E+00 1.00
       0.1000000E+01       0.4105600E+00 1.00
       0.1000000E+01       0.4106300E+00 1.00
       0.1000000E+01       0.4107000E+00 1.00
       0.1000000E+01       0.4108500E+00 1.00
       0.1000000E+01       0.4109200E+00 1.00
       0.1000000E+01       0.4110000E+00 1.00
       0.1000000E+01       0.4111500E+00 1.00
       0.1000000E+01       0.4112400E+00 1.00
       0.1000000E+01       0.4114100E+00 1.00
       0.1000000E+01       0.4114700E+00 1.00
       0.1000000E+01       0.4115400E+00 1.00
       0.1000000E+01       0.4118300E+00 1.00
       0.1000000E+01       0.4119000E+00 1.00
       0.1000000E+01       0.4119600E+00 1.00
       0.1000000E+01       0.4121000E+00 1.00
       0.1000000E+01       0.4122700E+00 1.00
       0.1000000E+01       0.4123400E+00 1.00
       0.1000000E+01       0.4124200E+00 1.00
       0.1000000E+01       0.4125500E+00 1.00
       0.1000000E+01       0.4126300E+00 1.00
       0.1000000E+01       0.4133500E+00 1.00
       0.1000000E+01       0.4134300E+00 1.00
       0.1000000E+01       0.4135000E+00 1.00
       0.1000000E+01       0.4136600E+00 1.00
       0.1000000E+01       0.4137200E+00 1.00
       0.1000000E+01       0.4137900E+00 1.00
       0.1000000E+01       0.4139400E+00 1.00
       0.1000000E+01       0.4140000E+00 1.00
       0.1000000E+01       0.4141900E+00 1.00
       0.1000000E+01       0.4142500E+00 1.00
       0.1000000E+01       0.4143200E+00 1.00
       0.1000000E+01       0.4144700E+00 1.00
       0.1000000E+01       0.4145400E+00 1.00
       0.1000000E+01       0.4146100E+00 1.00
       0.1000000E+01       0.4147500E+00 1.00
       0.1000000E+01       0.4148200E+00 1.00
       0.1000000E+01       0.4148800E+00 1.00
       0.1000000E+01       0.4150300E+00 1.00
       0.1000000E+01       0.4151000E+00 1.00
       0.1000000E+01       0.4151700E+00 1.00
       0.1000000E+01       0.4153100E+00 1.00
       0.1000000E+01       0.4153800E+00 1.00
       0.1000000E+01       0.4154500E+00 1.00
       0.1000000E+01       0.4155900E+00 1.00
       0.1000000E+01       0.4157500E+00 1.00
       0.1000000E+01       0.4158300E+00 1.00
       0.1000000E+01       0.4158900E+00 1.00
       0.1000000E+01       0.4161000E+00 1.00
       0.1000000E+01       0.4161800E+00 1.00
       0.1000000E+01       0.4162400E+00 1.00
       0.1000000E+01       0.4163200E+00 1.00
       0.1000000E+01       0.4164900E+00 1.00
       0.1000000E+01       0.4165600E+00 1.00
       0.1000000E+01       0.4167800E+00 1.00
       0.1000000E+01       0.4168600E+00 1.00
       0.1000000E+01       0.4169600E+00 1.00
       0.1000000E+01       0.4171200E+00 1.00
       0.1000000E+01       0.4171900E+00 1.00
       0.1000000E+01       0.4172600E+00 1.00
       0.1000000E+01       0.4174100E+00 1.00
       0.1000000E+01       0.4174900E+00 1.00
       0.1000000E+01       0.4175500E+00 1.00
       0.1000000E+01       0.4176400E+00 1.00
       0.1000000E+01       0.4177000E+00 1.00
       0.1000000E+01       0.4180100E+00 1.00
       0.1000000E+01       0.4180800E+00 1.00
       0.1000000E+01       0.4181600E+00 1.00
       0.1000000E+01       0.4183100E+00 1.00
       0.1000000E+01       0.4183900E+00 1.00
       0.1000000E+01       0.4185600E+00 1.00
       0.1000000E+01       0.4186300E+00 1.00
       0.1000000E+01       0.4187000E+00 1.00
       0.1000000E+01       0.4188600E+00 1.00
       0.1000000E+01       0.4189600E+00 1.00
       0.1000000E+01       0.4190400E+00 1.00
       0.1000000E+01       0.4191200E+00 1.00
       0.1000000E+01       0.4192900E+00 1.00
       0.1000000E+01       0.4193700E+00 1.00
       0.1000000E+01       0.5273100E+00 1.00
       0.1000000E+01       0.5274300E+00 1.00
       0.1000000E+01       0.5276200E+00 1.00
       0.1000000E+01       0.5277800E+00 1.00
       0.1000000E+01       0.5279200E+00 1.00
       0.1000000E+01       0.5282300E+00 1.00
       0.1000000E+01       0.5283600E+00 1.00
       0.1000000E+01       0.5284800E+00 1.00
       0.1000000E+01       0.5286300E+00 1.00
       0.1000000E+01       0.5287900E+00 1.00
       0.1000000E+01       0.5637600E+00 1.00
       0.1000000E+01       0.5639100E+00 1.00
       0.1000000E+01       0.5640600E+00 1.00
       0.1000000E+01       0.5641300E+00 1.00
       0.1000000E+01       0.5642900E+00 1.00
       0.1000000E+01       0.5646300E+00 1.00
       0.1000000E+01       0.5647100E+00 1.00
       0.1000000E+01      -0.1038000E-01 1.00
       0.1000000E+01      -0.1016000E-01 1.00
       0.1000000E+01      -0.1006000E-01 1.00
       0.1000000E+01      -0.9890000E-02 1.00
       0.1000000E+01      -0.9810000E-02 1.00
       0.1000000E+01      -0.9630000E-02 1.00
       0.1000000E+01      -0.9570000E-02 1.00
       0.1000000E+01      -0.9440000E-02 1.00
       0.1000000E+01      -0.9350000E-02 1.00
       0.1000000E+01      -0.9290000E-02 1.00
       0.1000000E+01      -0.9150000E-02 1.00
       0.1000000E+01      -0.9090000E-02 1.00
       0.1000000E+01      -0.8710000E-02 1.00
       0.1000000E+01      -0.8400000E-02 1.00
       0.1000000E+01      -0.8270000E-02 1.00
       0.1000000E+01      -0.8200000E-02 1.00
       0.1000000E+01      -0.8130000E-02 1.00
       0.1000000E+01      -0.8040000E-02 1.00
       0.1000000E+01      -0.7980000E-02 1.00
       0.1000000E+01      -0.7920000E-02 1.00
       0.1000000E+01      -0.7750000E-02 1.00
       0.1000000E+01      -0.7700000E-02 1.00
       0.1000000E+01      -0.7560000E-02 1.00
       0.1000000E+01      -0.7490000E-02 1.00
       0.1000000E+01      -0.7430000E-02 1.00
       0.1000000E+01      -0.7370000E-02 1.00
       0.1000000E+01      -0.6920000E-02 1.00
       0.1000000E+01      -0.6850000E-02 1.00
       0.1000000E+01      -0.6710000E-02 1.00
       0.1000000E+01      -0.6650000E-02 1.00
       0.1000000E+01      -0.6450000E-02 1.00
       0.1000000E+01      -0.6370000E-02 1.00
       0.1000000E+01      -0.6320000E-02 1.00
       0.1000000E+01      -0.6180000E-02 1.00
       0.1000000E+01      -0.6110000E-02 1.00
       0.1000000E+01      -0.6050000E-02 1.00
       0.1000000E+01      -0.5990000E-02 1.00
       0.1000000E+01      -0.5840000E-02 1.00
       0.1000000E+01      -0.5780000E-02 1.00
       0.1000000E+01      -0.5710000E-02 1.00
       0.1000000E+01      -0.5580000E-02 1.00
       0.1000000E+01      -0.5520000E-02 1.00
       0.1000000E+01      -0.5450000E-02 1.00
       0.1000000E+01      -0.5390000E-02 1.00
       0.1000000E+01      -0.5210000E-02 1.00
       0.1000000E+01      -0.5140000E-02 1.00
       0.1000000E+01      -0.5070000E-02 1.00
       0.1000000E+01      -0.5010000E-02 1.00
       0.1000000E+01      -0.4870000E-02 1.00
       0.1000000E+01      -0.4820000E-02 1.00
       0.1000000E+01      -0.4750000E-02 1.00
       0.1000000E+01      -0.4690000E-02 1.00
       0.1000000E+01      -0.4550000E-02 1.00
       0.1000000E+01      -0.4480000E-02 1.00
       0.1000000E+01      -0.4410000E-02 1.00
       0.1000000E+01      -0.4280000E-02 1.00
       0.1000000E+01      -0.4110000E-02 1.00
       0.1000000E+01      -0.4050000E-02 1.00
       0.1000000E+01      -0.3910000E-02 1.00
       0.1000000E+01      -0.3840000E-02 1.00
       0.1000000E+01      -0.3760000E-02 1.00
       0.1000000E+01      -0.8980000E-02 1.00
       0.1000000E+01      -0.8940000E-02 1.00
       0.1000000E+01      -0.8890000E-02 1.00
       0.1000000E+01      -0.8790000E-02 1.00
       0.1000000E+01      -0.8750000E-02 1.00
       0.1000000E+01      -0.8700000E-02 1.00
       0.1000000E+01      -0.8640000E-02 1.00
       0.1000000E+01      -0.8550000E-02 1.00
       0.1000000E+01      -0.8450000E-02 1.00
       0.1000000E+01      -0.8420000E-02 1.00
       0.1000000E+01      -0.8380000E-02 1.00
       0.1000000E+01      -0.8280000E-02 1.00
       0.1000000E+01      -0.8230000E-02 1.00
       0.1000000E+01      -0.8190000E-02 1.00
       0.1000000E+01      -0.8090000E-02 1.00
       0.1000000E+01      -0.8050000E-02 1.00
       0.1000000E+01      -0.7910000E-02 1.00
       0.1000000E+01      -0.7820000E-02 1.00
       0.1000000E+01      -0.7770000E-02 1.00
       0.1000000E+01      -0.7720000E-02 1.00
       0.1000000E+01      -0.7630000E-02 1.00
       0.1000000E+01      -0.7590000E-02 1.00
       0.1000000E+01      -0.7550000E-02 1.00
       0.1000000E+01      -0.7460000E-02 1.00
       0.1000000E+01      -0.7410000E-02 1.00
       0.1000000E+01      -0.7300000E-02 1.00
       0.1000000E+01      -0.7260000E-02 1.00
       0.1000000E+01      -0.7170000E-02 1.00
       0.1000000E+01      -0.7130000E-02 1.00
       0.1000000E+01      -0.7090000E-02 1.00
       0.1000000E+01      -0.7040000E-02 1.00
       0.1000000E+01      -0.6950000E-02 1.00
       0.1000000E+01      -0.6900000E-02 1.00
       0.1000000E+01      -0.6800000E-02 1.00
       0.1000000E+01      -0.6770000E-02 1.00
       0.1000000E+01      -0.6640000E-02 1.00
       0.1000000E+01      -0.6600000E-02 1.00
       0.1000000E+01      -0.6560000E-02 1.00
       0.1000000E+01      -0.6450000E-02 1.00
       0.1000000E+01      -0.6410000E-02 1.00
       0.1000000E+01      -0.6370000E-02 1.00
       0.1000000E+01      -0.6330000E-02 1.00
       0.1000000E+01      -0.6230000E-02 1.00
       0.1000000E+01      -0.6190000E-02 1.00
       0.1000000E+01      -0.6070000E-02 1.00
       0.1000000E+01      -0.6030000E-02 1.00
       0.1000000E+01      -0.5990000E-02 1.00
       0.1000000E+01      -0.5910000E-02 1.00
       0.1000000E+01      -0.5870000E-02 1.00
       0.1000000E+01      -0.5840000E-02 1.00
       0.1000000E+01      -0.5790000E-02 1.00
       0.1000000E+01      -0.5740000E-02 1.00
       0.1000000E+01      -0.5640000E-02 1.00
       0.1000000E+01      -0.5600000E-02 1.00
       0.1000000E+01      -0.5560000E-02 1.00
       0.1000000E+01      -0.5460000E-02 1.00
       0.1000000E+01      -0.5340000E-02 1.00
       0.1000000E+01       0.3983000E+00 1.00
       0.1000000E+01       0.3983300E+00 1.00
       0.1000000E+01       0.3984300E+00 1.00
       0.1000000E+01       0.3984700E+00 1.00
       0.1000000E+01       0.3985000E+00 1.00
       0.1000000E+01       0.3985800E+00 1.00
       0.1000000E+01       0.3986800E+00 1.00
       0.1000000E+01       0.3987600E+00 1.00
       0.1000000E+01       0.3987900E+00 1.00
       0.1000000E+01       0.3988300E+00 1.00
       0.1000000E+01       0.3989200E+00 1.00
       0.1000000E+01       0.3989500E+00 1.00
       0.1000000E+01       0.3990500E+00 1.00
       0.1000000E+01       0.3991300E+00 1.00
       0.1000000E+01       0.3991800E+00 1.00
       0.1000000E+01       0.3992600E+00 1.00
       0.1000000E+01       0.3993000E+00 1.00
       0.1000000E+01       0.3993400E+00 1.00
       0.1000000E+01       0.3993800E+00 1.00
       0.1000000E+01       0.3994100E+00 1.00
       0.1000000E+01       0.3994900E+00 1.00
       0.1000000E+01       0.3997300E+00 1.00
       0.1000000E+01       0.3998200E+00 1.00
       0.1000000E+01       0.3998600E+00 1.00
       0.1000000E+01       0.3999000E+00 1.00
       0.1000000E+01       0.3999300E+00 1.00
       0.1000000E+01       0.3999600E+00 1.00
       0.1000000E+01       0.4000400E+00 1.00
       0.1000000E+01       0.4000800E+00 1.00
       0.1000000E+01       0.4001200E+00 1.00
       0.1000000E+01       0.4001500E+00 1.00
       0.1000000E+01       0.4002300E+00 1.00
       0.1000000E+01       0.4024700E+00 1.00
       0.1000000E+01       0.4025600E+00 1.00
       0.1000000E+01       0.4025900E+00 1.00
       0.1000000E+01       0.4026300E+00 1.00
       0.1000000E+01       0.4027100E+00 1.00
       0.1000000E+01       0.4028000E+00 1.00
       0.1000000E+01       0.4028800E+00 1.00
       0.1000000E+01       0.4029700E+00 1.00
       0.1000000E+01       0.4030100E+00 1.00
       0.1000000E+01       0.4030900E+00 1.00
       0.1000000E+01       0.4031800E+00 1.00
       0.1000000E+01       0.4032800E+00 1.00
       0.1000000E+01       0.4034100E+00 1.00
       0.1000000E+01       0.4034500E+00 1.00
       0.1000000E+01       0.4034900E+00 1.00
       0.1000000E+01       0.4035700E+00 1.00
       0.1000000E+01       0.5185300E+00 1.00
       0.1000000E+01       0.5188500E+00 1.00
       0.1000000E+01       0.5191700E+00 1.00
       0.1000000E+01       0.5563000E+00 1.00
       0.1000000E+01       0.5566000E+00 1.00
       0.1000000E+01       0.5568900E+00 1.00
       0.1000000E+01       0.1465000E-01 1.00
       0.1000000E+01       0.1516000E-01 1.00
       0.1000000E+01       0.1556000E-01 1.00
       0.1000000E+01       0.5296000E-01 1.00
       0.1000000E+01       0.5331000E-01 1.00
       0.1000000E+01       0.5374000E-01 1.00
       0.1000000E+01       0.1314100E+00 1.00
       0.1000000E+01       0.1318100E+00 1.00
       0.1000000E+01       0.1322100E+00 1.00
       0.1000000E+01       0.1684100E+00 1.00
       0.1000000E+01       0.1686800E+00 1.00
       0.1000000E+01       0.1688600E+00 1.00
       0.1000000E+01       0.4786300E+00 1.00
       0.1000000E+01       0.4790400E+00 1.00
       0.1000000E+01       0.4791700E+00 1.00
       0.1000000E+01       0.5543200E+00 1.00
       0.1000000E+01       0.5545900E+00 1.00
       0.1000000E+01       0.5548800E+00 1.00
       0.1000000E+01       0.5930400E+00 1.00
       0.1000000E+01       0.5932800E+00 1.00
       0.1000000E+01       0.5935400E+00 1.00
       0.1000000E+01       0.3177900E+00 1.00
       0.1000000E+01       0.3180600E+00 1.00
       0.1000000E+01       0.3183300E+00 1.00
       0.1000000E+01       0.3575900E+00 1.00
       0.1000000E+01       0.3578800E+00 1.00
       0.1000000E+01       0.3581000E+00 1.00
       0.1000000E+01       0.6649300E+00 1.00
       0.1000000E+01       0.6650700E+00 1.00
       0.1000000E+01       0.6651800E+00 1.00
       0.1000000E+01      -0.1808100E+00 1.00
       0.1000000E+01      -0.1805600E+00 1.00
       0.1000000E+01      -0.1803300E+00 1.00
       0.1000000E+01      -0.1442000E+00 1.00
       0.1000000E+01      -0.1439100E+00 1.00
       0.1000000E+01      -0.1436700E+00 1.00
       0.1000000E+01       0.6272300E+00 1.00
       0.1000000E+01       0.6275500E+00 1.00
       0.1000000E+01       0.6278500E+00 1.00
       0.1000000E+01      -0.2969600E+00 1.00
       0.1000000E+01      -0.2966400E+00 1.00
       0.1000000E+01      -0.2962700E+00 1.00
       0.1000000E+01      -0.2569900E+00 1.00
       0.1000000E+01      -0.2567500E+00 1.00
       0.1000000E+01      -0.2564300E+00 1.00
       0.1000000E+01       0.5443700E+00 1.00
       0.1000000E+01       0.5446100E+00 1.00
       0.1000000E+01       0.5448400E+00 1.00
       0.1000000E+01      -0.7061000E-01 1.00
       0.1000000E+01      -0.7041000E-01 1.00
       0.1000000E+01      -0.7020000E-01 1.00
       0.1000000E+01      -0.1320000E-02 1.00
       0.1000000E+01      -0.1030000E-02 1.00
       0.1000000E+01      -0.8600000E-03 1.00
       0.1000000E+01       0.9000000E-03 1.00
       0.1000000E+01       0.1090000E-02 1.00
       0.1000000E+01       0.1250000E-02 1.00
       0.1000000E+01       0.1410000E-02 1.00
       0.1000000E+01       0.1570000E-02 1.00
       0.1000000E+01       0.1790000E-02 1.00
       0.1000000E+01       0.1950000E-02 1.00
       0.1000000E+01       0.2080000E-02 1.00
       0.1000000E+01       0.2240000E-02 1.00
       0.1000000E+01       0.2460000E-02 1.00
       0.1000000E+01       0.2830000E-02 1.00
       0.1000000E+01       0.3050000E-02 1.00
       0.1000000E+01       0.3320000E-02 1.00
       0.1000000E+01       0.3610000E-02 1.00
       0.1000000E+01       0.3800000E-02 1.00
       0.1000000E+01       0.4040000E-02 1.00
       0.1000000E+01       0.4250000E-02 1.00
       0.1000000E+01       0.4650000E-02 1.00
       0.1000000E+01       0.4890000E-02 1.00
       0.1000000E+01       0.5160000E-02 1.00
       0.1000000E+01       0.5430000E-02 1.00
       0.1000000E+01       0.5700000E-02 1.00
       0.1000000E+01       0.5860000E-02 1.00
       0.1000000E+01       0.6180000E-02 1.00
       0.1000000E+01       0.6450000E-02 1.00
       0.1000000E+01       0.6820000E-02 1.00
       0.1000000E+01       0.7060000E-02 1.00
       0.1000000E+01       0.7300000E-02 1.00
       0.1000000E+01       0.7570000E-02 1.00
       0.1000000E+01       0.7870000E-02 1.00
       0.1000000E+01       0.8130000E-02 1.00
       0.1000000E+01       0.8480000E-02 1.00
       0.1000000E+01       0.8880000E-02 1.00
       0.1000000E+01       0.9260000E-02 1.00
       0.1000000E+01       0.9530000E-02 1.00
       0.1000000E+01       0.4214000E-01 1.00
       0.1000000E+01       0.4273000E-01 1.00
       0.1000000E+01       0.4326000E-01 1.00
       0.1000000E+01       0.5064700E+00 1.00
       0.1000000E+01       0.5066600E+00 1.00
       0.1000000E+01       0.5068800E+00 1.00
       0.1000000E+01       0.5052400E+00 1.00
       0.1000000E+01       0.5055400E+00 1.00
       0.1000000E+01       0.5058100E+00 1.00
       0.1000000E+01      -0.2260400E+00 1.00
       0.1000000E+01      -0.2258000E+00 1.00
       0.1000000E+01      -0.2255600E+00 1.00
       0.1000000E+01      -0.1883700E+00 1.00
       0.1000000E+01      -0.1881600E+00 1.00
       0.1000000E+01      -0.1880000E+00 1.00
       0.1000000E+01       0.5398100E+00 1.00
       0.1000000E+01       0.5401800E+00 1.00
       0.1000000E+01       0.5405100E+00 1.00
       0.1000000E+01       0.5438800E+00 1.00
       0.1000000E+01       0.5443900E+00 1.00
       0.1000000E+01       0.5446800E+00 1.00
       0.1000000E+01      -0.7894000E-01 1.00
       0.1000000E+01      -0.7860000E-01 1.00
       0.1000000E+01      -0.7835000E-01 1.00
       0.1000000E+01      -0.4094000E-01 1.00
       0.1000000E+01      -0.4067000E-01 1.00
       0.1000000E+01      -0.4040000E-01 1.00
       0.1000000E+01       0.1150100E+00 1.00
       0.1000000E+01       0.1152500E+00 1.00
       0.1000000E+01       0.1154800E+00 1.00
       0.1000000E+01       0.2295800E+00 1.00
       0.1000000E+01       0.2300700E+00 1.00
       0.1000000E+01       0.2303300E+00 1.00
       0.1000000E+01       0.3453800E+00 1.00
       0.1000000E+01       0.3456300E+00 1.00
       0.1000000E+01       0.3460100E+00 1.00
       0.1000000E+01       0.4596300E+00 1.00
       0.1000000E+01       0.4599500E+00 1.00
       0.1000000E+01       0.4602700E+00 1.00
       0.1000000E+01       0.4080200E+00 1.00
       0.1000000E+01       0.4082700E+00 1.00
       0.1000000E+01       0.4084100E+00 1.00
       0.1000000E+01       0.4085500E+00 1.00
       0.1000000E+01       0.4087500E+00 1.00
       0.1000000E+01       0.4090100E+00 1.00
       0.1000000E+01       0.4092600E+00 1.00
       0.1000000E+01       0.4095000E+00 1.00
       0.1000000E+01       0.4098400E+00 1.00
       0.1000000E+01       0.4102000E+00 1.00
       0.1000000E+01       0.4103700E+00 1.00
       0.1000000E+01       0.4105500E+00 1.00
       0.1000000E+01       0.4108300E+00 1.00
       0.1000000E+01       0.4111000E+00 1.00
       0.1000000E+01       0.4113500E+00 1.00
       0.1000000E+01       0.4115200E+00 1.00
       0.1000000E+01       0.4117200E+00 1.00
       0.1000000E+01       0.4119400E+00 1.00
       0.1000000E+01       0.4121000E+00 1.00
       0.1000000E+01       0.4122500E+00 1.00
       0.1000000E+01       0.4124100E+00 1.00
       0.1000000E+01       0.4125600E+00 1.00
       0.1000000E+01       0.4128000E+00 1.00
       0.1000000E+01       0.4129500E+00 1.00
       0.1000000E+01       0.4131200E+00 1.00
       0.1000000E+01       0.4132900E+00 1.00
       0.1000000E+01       0.4134800E+00 1.00
       0.1000000E+01       0.4136200E+00 1.00
       0.1000000E+01       0.4137800E+00 1.00
       0.1000000E+01       0.4139700E+00 1.00
       0.1000000E+01       0.4141100E+00 1.00
       0.1000000E+01       0.4142400E+00 1.00
       0.1000000E+01       0.4143700E+00 1.00
       0.1000000E+01       0.4145800E+00 1.00
       0.1000000E+01       0.4147300E+00 1.00
       0.1000000E+01       0.4149800E+00 1.00
       0.1000000E+01       0.4151800E+00 1.00
       0.1000000E+01       0.4153700E+00 1.00
       0.1000000E+01       0.4155100E+00 1.00
       0.1000000E+01       0.4156500E+00 1.00
       0.1000000E+01       0.4158400E+00 1.00
       0.1000000E+01       0.4159800E+00 1.00
       0.1000000E+01      -0.2604500E+00 1.00
       0.1000000E+01      -0.2601900E+00 1.00
       0.1000000E+01      -0.2598900E+00 1.00
       0.1000000E+01      -0.2595800E+00 1.00
       0.1000000E+01      -0.2593400E+00 1.00
       0.1000000E+01      -0.1862600E+00 1.00
       0.1000000E+01      -0.1861300E+00 1.00
       0.1000000E+01      -0.1859100E+00 1.00
       0.1000000E+01      -0.1857700E+00 1.00
       0.1000000E+01      -0.1855700E+00 1.00
       0.1000000E+01      -0.1854400E+00 1.00
       0.1000000E+01      -0.1851900E+00 1.00
       0.1000000E+01      -0.1520800E+00 1.00
       0.1000000E+01      -0.1518300E+00 1.00
       0.1000000E+01      -0.1515700E+00 1.00
       0.1000000E+01      -0.1513500E+00 1.00
       0.1000000E+01      -0.1092600E+00 1.00
       0.1000000E+01      -0.1090000E+00 1.00
       0.1000000E+01      -0.1087600E+00 1.00
       0.1000000E+01      -0.1085300E+00 1.00
       0.1000000E+01      -0.1083100E+00 1.00
       0.1000000E+01      -0.7418000E-01 1.00
       0.1000000E+01      -0.7359000E-01 1.00
       0.1000000E+01      -0.7340000E-01 1.00
       0.1000000E+01      -0.7290000E-01 1.00
       0.1000000E+01      -0.3529000E-01 1.00
       0.1000000E+01      -0.3479000E-01 1.00
       0.1000000E+01      -0.3456000E-01 1.00
       0.1000000E+01      -0.3398000E-01 1.00
       0.1000000E+01      -0.3340000E-01 1.00
       0.1000000E+01      -0.1820000E-02 1.00
       0.1000000E+01      -0.1550000E-02 1.00
       0.1000000E+01      -0.1300000E-02 1.00
       0.1000000E+01      -0.1060000E-02 1.00
       0.1000000E+01      -0.8200000E-03 1.00
       0.1000000E+01      -0.6900000E-03 1.00
       0.1000000E+01      -0.6000000E-03 1.00
       0.1000000E+01      -0.3800000E-03 1.00
       0.1000000E+01      -0.2600000E-03 1.00
       0.1000000E+01      -0.1700000E-03 1.00
       0.1000000E+01       0.4000000E-04 1.00
       0.1000000E+01       0.1600000E-03 1.00
       0.1000000E+01       0.2600000E-03 1.00
       0.1000000E+01       0.4600000E-03 1.00
       0.1000000E+01       0.5700000E-03 1.00
       0.1000000E+01       0.6500000E-03 1.00
       0.1000000E+01       0.1140000E-02 1.00
       0.1000000E+01       0.1260000E-02 1.00
       0.1000000E+01       0.1340000E-02 1.00
       0.1000000E+01       0.1530000E-02 1.00
       0.1000000E+01       0.1660000E-02 1.00
       0.1000000E+01       0.1860000E-02 1.00
       0.1000000E+01       0.1970000E-02 1.00
       0.1000000E+01       0.2430000E-02 1.00
       0.1000000E+01       0.2560000E-02 1.00
       0.1000000E+01       0.2650000E-02 1.00
       0.1000000E+01       0.2870000E-02 1.00
       0.1000000E+01       0.2980000E-02 1.00
       0.1000000E+01       0.3180000E-02 1.00
       0.1000000E+01       0.3310000E-02 1.00
       0.1000000E+01       0.3510000E-02 1.00
       0.1000000E+01       0.3640000E-02 1.00
       0.1000000E+01       0.3860000E-02 1.00
       0.1000000E+01       0.3970000E-02 1.00
       0.1000000E+01       0.4600000E-02 1.00
       0.1000000E+01       0.4730000E-02 1.00
       0.1000000E+01       0.4980000E-02 1.00
       0.1000000E+01       0.5110000E-02 1.00
       0.1000000E+01       0.5310000E-02 1.00
       0.1000000E+01       0.5450000E-02 1.00
       0.1000000E+01       0.5670000E-02 1.00
       0.1000000E+01       0.5810000E-02 1.00
       0.1000000E+01       0.6320000E-02 1.00
       0.1000000E+01       0.6440000E-02 1.00
       0.1000000E+01       0.6660000E-02 1.00
       0.1000000E+01       0.6800000E-02 1.00
       0.1000000E+01       0.7000000E-02 1.00
       0.1000000E+01       0.7120000E-02 1.00
       0.1000000E+01       0.7340000E-02 1.00
       0.1000000E+01       0.7460000E-02 1.00
       0.1000000E+01       0.8040000E-02 1.00
       0.1000000E+01       0.8160000E-02 1.00
       0.1000000E+01       0.8380000E-02 1.00
       0.1000000E+01       0.8510000E-02 1.00
       0.1000000E+01       0.8720000E-02 1.00
       0.1000000E+01       0.8850000E-02 1.00
       0.1000000E+01       0.9050000E-02 1.00
       0.1000000E+01       0.9190000E-02 1.00
       0.1000000E+01       0.4187000E-01 1.00
       0.1000000E+01       0.4212000E-01 1.00
       0.1000000E+01       0.4240000E-01 1.00
       0.1000000E+01       0.4266000E-01 1.00
       0.1000000E+01      -0.9255000E-01 1.00
       0.1000000E+01      -0.9200000E-01 1.00
       0.1000000E+01      -0.9155000E-01 1.00
       0.1000000E+01      -0.5238000E-01 1.00
       0.1000000E+01      -0.5210000E-01 1.00
       0.1000000E+01      -0.5171000E-01 1.00
       0.1000000E+01       0.1410800E+00 1.00
       0.1000000E+01       0.1416300E+00 1.00
       0.1000000E+01       0.1450600E+00 1.00
       0.1000000E+01      -0.1668800E+00 1.00
       0.1000000E+01      -0.1663200E+00 1.00
       0.1000000E+01      -0.1634500E+00 1.00
       0.1000000E+01      -0.1629000E+00 1.00
       0.1000000E+01      -0.2071400E+00 1.00
       0.1000000E+01      -0.2037100E+00 1.00
       0.1000000E+01      -0.2002800E+00 1.00
       0.1000000E+01      -0.2792500E+00 1.00
       0.1000000E+01      -0.2787000E+00 1.00
       0.1000000E+01      -0.2758300E+00 1.00
       0.1000000E+01      -0.2752800E+00 1.00
       0.1000000E+01      -0.6410000E-02 1.00
       0.1000000E+01      -0.3540000E-02 1.00
       0.1000000E+01      -0.2990000E-02 1.00
       0.1000000E+01      -0.1100000E-03 1.00
       0.1000000E+01       0.4400000E-03 1.00
       0.1000000E+01       0.3320000E-02 1.00
       0.1000000E+01       0.3870000E-02 1.00
       0.1000000E+01      -0.6123000E-01 1.00
       0.1000000E+01      -0.5781000E-01 1.00
       0.1000000E+01      -0.5438000E-01 1.00
       0.1000000E+01      -0.5383000E-01 1.00
       0.1000000E+01      -0.8800000E-02 1.00
       0.1000000E+01       0.4435700E+00 1.00
       0.1000000E+01       0.4464400E+00 1.00
       0.1000000E+01       0.4567300E+00 1.00
       0.1000000E+01      -0.2245500E+00 1.00
       0.1000000E+01      -0.2211200E+00 1.00
       0.1000000E+01      -0.2176900E+00 1.00
       0.1000000E+01      -0.2142600E+00 1.00
       0.1000000E+01       0.2002000E+00 1.00
       0.1000000E+01       0.2007500E+00 1.00
       0.1000000E+01       0.2036300E+00 1.00
       0.1000000E+01       0.2041800E+00 1.00
       0.1000000E+01       0.2070500E+00 1.00
       0.1000000E+01      -0.8717000E-01 1.00
       0.1000000E+01      -0.8662000E-01 1.00
       0.1000000E+01      -0.8032000E-01 1.00
       0.1000000E+01       0.5402300E+00 1.00
       0.1000000E+01       0.5436500E+00 1.00
       0.1000000E+01       0.5442000E+00 1.00
       0.1000000E+01       0.5539300E+00 1.00
       0.1000000E+01       0.5544800E+00 1.00
       0.1000000E+01       0.5573600E+00 1.00
       0.1000000E+01       0.5579100E+00 1.00
       0.1000000E+01       0.5607900E+00 1.00
       0.1000000E+01       0.5613400E+00 1.00
       0.1000000E+01       0.5710700E+00 1.00
       0.1000000E+01       0.5716200E+00 1.00
       0.1000000E+01       0.5744900E+00 1.00
       0.1000000E+01      -0.1376300E+00 1.00
       0.1000000E+01      -0.1370800E+00 1.00
       0.1000000E+01      -0.1342100E+00 1.00
       0.1000000E+01      -0.1336600E+00 1.00
       0.1000000E+01      -0.1307800E+00 1.00
       0.1000000E+01      -0.1302300E+00 1.00
       0.1000000E+01      -0.1205000E+00 1.00
       0.1000000E+01      -0.1199500E+00 1.00
       0.1000000E+01      -0.1170700E+00 1.00
       0.1000000E+01      -0.1165200E+00 1.00
       0.1000000E+01      -0.1136400E+00 1.00
       0.1000000E+01      -0.1130900E+00 1.00
       0.1000000E+01      -0.1033700E+00 1.00
       0.1000000E+01      -0.1028100E+00 1.00
       0.1000000E+01      -0.9939000E-01 1.00
       0.1000000E+01       0.2951800E+00 1.00
       0.1000000E+01       0.2957400E+00 1.00
       0.1000000E+01       0.2986100E+00 1.00
       0.1000000E+01       0.2991600E+00 1.00
       0.1000000E+01       0.3088900E+00 1.00
       0.1000000E+01       0.3094400E+00 1.00
       0.1000000E+01       0.3123200E+00 1.00
       0.1000000E+01       0.3128700E+00 1.00
       0.1000000E+01      -0.1016400E+00 1.00
       0.1000000E+01      -0.9081000E-01 1.00
       0.1000000E+01      -0.8794000E-01 1.00
       0.1000000E+01      -0.8739000E-01 1.00
       0.1000000E+01       0.2927800E+00 1.00
       0.1000000E+01       0.5466200E+00 1.00
       0.1000000E+01       0.5471700E+00 1.00
       0.1000000E+01       0.1942800E+00 1.00
       0.1000000E+01       0.6134400E+00 1.00
       0.1000000E+01       0.6140000E+00 1.00
       0.1000000E+01       0.6168700E+00 1.00
       0.1000000E+01       0.6174200E+00 1.00
       0.1000000E+01       0.6203000E+00 1.00
       0.1000000E+01       0.6208500E+00 1.00
       0.1000000E+01       0.5891000E-01 1.00
       0.1000000E+01       0.5946000E-01 1.00
       0.1000000E+01       0.6233000E-01 1.00
       0.1000000E+01       0.6289000E-01 1.00
       0.1000000E+01       0.3672400E+00 1.00
       0.1000000E+01       0.3678000E+00 1.00
       0.1000000E+01       0.4634200E+00 1.00
       0.1000000E+01       0.4639700E+00 1.00
       0.1000000E+01       0.2651800E+00 1.00
       0.1000000E+01       0.2657300E+00 1.00
       0.1000000E+01       0.2754600E+00 1.00
       0.1000000E+01       0.2760100E+00 1.00
       0.1000000E+01       0.5672500E+00 1.00
       0.1000000E+01       0.5678000E+00 1.00
       0.1000000E+01       0.5706800E+00 1.00
       0.1000000E+01       0.6279000E-01 1.00
       0.1000000E+01       0.2015700E+00 1.00
       0.1000000E+01       0.2044400E+00 1.00
                 0.0                 0.0
