  HJD         mag/RV    weight  d.set type                                      
 -.00470   -.00889  1.00
 -.00070   -.00866  1.00
  .00130   -.00843  1.00
  .00130   -.00828  1.00
  .00330   -.00804  1.00
  .00530   -.00785  1.00
  .01130   -.00762  1.00
  .01930   -.00743  1.00
  .02330   -.00723  1.00
  .03130   -.00700  1.00
  .04530   -.00677  1.00
  .04930   -.00662  1.00
  .06130   -.00639  1.00
  .07130   -.00619  1.00
  .07930   -.00600  1.00
  .08930   -.00581  1.00
  .09330   -.00561  1.00
  .11130   -.00542  1.00
  .11930   -.00527  1.00
  .13730   -.00504  1.00
  .14930   -.00484  1.00
  .15930   -.00465  1.00
  .17330   -.00442  1.00
  .19130   -.00419  1.00
 -.01270    .22164  1.00
 -.01470    .22187  1.00
 -.01170    .22206  1.00
 -.01170    .22225  1.00
 -.00970    .22245  1.00
 -.01370    .22264  1.00
 -.01170    .22291  1.00
 -.01070    .22310  1.00
 -.01170    .22333  1.00
 -.01070    .22349  1.00
 -.01170    .22372  1.00
 -.00970    .22391  1.00
 -.01170    .22410  1.00
 -.01070    .22430  1.00
 -.01070    .22453  1.00
 -.01170    .22472  1.00
 -.01170    .22495  1.00
 -.01370    .22518  1.00
 -.01370    .22534  1.00
 -.00970    .22553  1.00
  .00430    .33692  1.00
  .00130    .33715  1.00
  .00230    .33742  1.00
  .00230    .33762  1.00
  .00330    .33781  1.00
  .00330    .33804  1.00
  .18930    .41604  1.00
  .18030    .41631  1.00
  .17930    .41650  1.00
  .17630    .41674  1.00
  .17330    .41693  1.00
  .17230    .41712  1.00
  .17130    .41735  1.00
  .16630    .41758  1.00
  .16330    .41781  1.00
  .15630    .41808  1.00
  .15730    .41828  1.00
  .15430    .41851  1.00
  .14830    .41874  1.00
  .14830    .41893  1.00
  .14430    .41913  1.00
  .14130    .41936  1.00
  .13430    .41959  1.00
  .13330    .41978  1.00
  .13130    .42005  1.00
  .12430    .42028  1.00
  .12130    .42048  1.00
  .11430    .42071  1.00
  .10930    .42098  1.00
  .10730    .42121  1.00
  .10330    .42148  1.00
 -.00070    .44935  1.00
  .00130    .44962  1.00
  .00130    .44986  1.00
  .00030    .45009  1.00
 -.00070    .45032  1.00
  .00030    .45055  1.00
  .00130    .45078  1.00
 -.00270    .45101  1.00
  .00230    .45128  1.00
  .00030    .45147  1.00
  .00030    .45174  1.00
 -.00070    .45198  1.00
  .00130    .45217  1.00
 -.00070    .45240  1.00
 -.00170    .45259  1.00
  .00030    .45286  1.00
 -.00490    .29868  1.00
 -.01790    .29873  1.00
 -.01690    .29878  1.00
 -.02090    .29883  1.00
 -.01290    .29899  1.00
 -.01790    .29904  1.00
 -.01890    .29910  1.00
 -.00890    .29996  1.00
 -.01290    .30020  1.00
 -.00290    .30025  1.00
 -.01890    .30029  1.00
 -.02090    .30035  1.00
 -.01590    .30041  1.00
 -.01390    .30053  1.00
 -.00390    .30059  1.00
 -.01990    .30066  1.00
 -.02090    .30070  1.00
 -.00790    .37479  1.00
 -.00690    .37485  1.00
  .01310    .37490  1.00
 -.00090    .37495  1.00
  .00410    .37500  1.00
  .01610    .37504  1.00
  .00910    .37520  1.00
  .00910    .37526  1.00
 -.01590    .37530  1.00
 -.01790    .37534  1.00
  .01110    .37538  1.00
 -.01690    .37627  1.00
  .01810    .37631  1.00
  .00810    .37636  1.00
  .00810    .37643  1.00
  .01810    .37648  1.00
 -.00490    .37689  1.00
  .00110    .37694  1.00
 -.01090    .37705  1.00
  .01610    .37787  1.00
 -.01590    .37804  1.00
 -.01690    .37816  1.00
 -.01290    .37822  1.00
 -.00090    .37828  1.00
  .18410    .41486  1.00
  .19310    .41491  1.00
  .18010    .41497  1.00
  .17910    .41501  1.00
  .17810    .41505  1.00
  .18010    .41509  1.00
  .18310    .41513  1.00
  .17910    .41518  1.00
  .17410    .41522  1.00
  .18110    .41571  1.00
  .18210    .41577  1.00
  .18610    .41582  1.00
  .18810    .41587  1.00
  .17310    .41592  1.00
  .16510    .41596  1.00
  .16410    .41601  1.00
  .17510    .41606  1.00
  .16810    .41663  1.00
  .16110    .41675  1.00
  .16310    .41682  1.00
  .16110    .41688  1.00
  .16110    .41694  1.00
  .15710    .41704  1.00
  .15510    .41711  1.00
  .16510    .41717  1.00
  .15610    .41723  1.00
  .14710    .41795  1.00
  .14910    .41802  1.00
 -.00190    .38357  1.00
 -.00190    .38360  1.00
 -.01090    .38363  1.00
 -.00990    .38366  1.00
 -.00390    .38371  1.00
  .00010    .38375  1.00
 -.00190    .38378  1.00
  .11210    .42008  1.00
  .11310    .42020  1.00
  .11310    .42031  1.00
  .09810    .42040  1.00
  .11510    .42049  1.00
  .10410    .42059  1.00
  .11210    .42068  1.00
  .11110    .42078  1.00
  .07010    .42211  1.00
  .07410    .42245  1.00
  .06410    .42256  1.00
  .06110    .42267  1.00
  .05310    .42278  1.00
  .05710    .42283  1.00
  .02610    .42443  1.00
  .03310    .42454  1.00
  .04010    .42466  1.00
  .03110    .42481  1.00
  .02510    .42508  1.00
  .03010    .42518  1.00
  .02610    .42531  1.00
  .02410    .42556  1.00
  .00710    .42663  1.00
 -.00090    .42680  1.00
 -.01190    .42687  1.00
 -.01990    .42696  1.00
 -.00290    .36798  1.00
  .01710    .36808  1.00
  .01610    .36817  1.00
  .01410    .36820  1.00
  .00010    .36833  1.00
  .02710    .36842  1.00
 -.01190    .36862  1.00
 -.01290    .36880  1.00
  .00110    .36903  1.00
  .01410    .36934  1.00
  .03110    .36949  1.00
  .00110    .36962  1.00
  .01110    .36979  1.00
  .00710    .36997  1.00
  .00710    .37011  1.00
  .00810    .52276  1.00
  .02610    .52290  1.00
  .01610    .52305  1.00
  .00610    .52322  1.00
  .00410    .52337  1.00
 -.01190    .52367  1.00
  .00210    .52384  1.00
 -.02290    .52413  1.00
 -.00090    .52429  1.00
  .00710    .59881  1.00
  .00610    .59896  1.00
  .01910    .59910  1.00
  .02310    .59927  1.00
  .00410    .59943  1.00
  .00710    .59969  1.00
  .01410    .59984  1.00
 -.00390    .59999  1.00
  .00310    .60013  1.00
  .00410    .60027  1.00
  .01210    .60345  1.00
  .00010    .60358  1.00
 -.00190    .60375  1.00
  .01210    .60404  1.00
  .00810    .60418  1.00
  .00010    .60434  1.00
  .00710    .60461  1.00
  .00810    .60476  1.00
  .01110    .60490  1.00
 -.00390   -.13126  1.00
  .00910   -.13102  1.00
  .01110   -.13088  1.00
  .01410   -.13074  1.00
 -.00390   -.13049  1.00
  .00910   -.13043  1.00
  .01210   -.13031  1.00
  .01410   -.13018  1.00
  .01110   -.13004  1.00
  .00010   -.12973  1.00
 -.00390   -.12958  1.00
  .00110   -.12942  1.00
  .01610   -.12697  1.00
  .00810   -.12685  1.00
 -.00090   -.12672  1.00
  .00810   -.12658  1.00
  .01010   -.12646  1.00
  .01310   -.12624  1.00
  .01110   -.12611  1.00
  .02110   -.12599  1.00
  .00310   -.09172  1.00
  .01010   -.09158  1.00
 -.00090   -.09144  1.00
 -.01190   -.09129  1.00
 -.00490   -.09117  1.00
 -.01390   -.09091  1.00
 -.00290   -.09064  1.00
  .00910   -.09053  1.00
 -.00890   -.09044  1.00
 -.00290   -.09031  1.00
 -.01090   -.09026  1.00
 -.00790   -.09014  1.00
  .01010   -.08746  1.00
  .00110   -.08736  1.00
  .01610   -.08724  1.00
  .02410   -.08711  1.00
  .00610   -.08692  1.00
  .00810   -.08677  1.00
  .02110   -.08664  1.00
  .02510   -.08648  1.00
  .00110    .13960  1.00
  .00810    .13973  1.00
  .02210    .13988  1.00
  .00710    .14001  1.00
  .00210    .14014  1.00
  .00610    .14035  1.00
  .02910    .14048  1.00
 -.01790    .14063  1.00
  .01010    .14075  1.00
  .01010    .14083  1.00
 -.00990    .37283  1.00
 -.02090    .37307  1.00
  .00510    .37319  1.00
 -.01490    .37338  1.00
 -.00090    .37349  1.00
 -.00390    .37359  1.00
 -.00890    .37371  1.00
  .15510    .40844  1.00
  .14510    .40856  1.00
  .13710    .40861  1.00
  .15510    .40865  1.00
  .14810    .40876  1.00
  .15410    .40904  1.00
  .15910    .40912  1.00
  .16210    .40919  1.00
  .16810    .40932  1.00
  .16910    .40939  1.00
  .17610    .40982  1.00
  .17110    .40997  1.00
  .16210    .41002  1.00
  .17810    .41003  1.00
  .17010    .41008  1.00
  .17610    .41022  1.00
  .17810    .41042  1.00
  .17910    .41048  1.00
  .18710    .41054  1.00
  .18710    .41066  1.00
  .17710    .41073  1.00
  .17410    .41079  1.00
  .17510    .41084  1.00
  .17910    .41096  1.00
  .16910    .41108  1.00
  .17910    .41116  1.00
  .18110    .41120  1.00
  .18210    .41132  1.00
  .17510    .41137  1.00
  .18110    .41143  1.00
  .18210    .41155  1.00
  .18010    .41167  1.00
  .18310    .41174  1.00
  .18710    .41179  1.00
  .18110    .41191  1.00
  .17210    .41197  1.00
  .18310    .41202  1.00
  .18210    .41218  1.00
  .17810    .41230  1.00
  .18410    .41236  1.00
  .18310    .41242  1.00
  .18210    .41253  1.00
  .17910    .41260  1.00
  .18710    .41265  1.00
  .18210    .41278  1.00
  .19110    .41297  1.00
  .18610    .41302  1.00
  .18610    .41317  1.00
  .18210    .41326  1.00
  .19410    .41339  1.00
  .18010    .41449  1.00
  .18610    .41456  1.00
  .17810    .41463  1.00
  .17810    .41481  1.00
  .17610    .41487  1.00
  .17010    .41492  1.00
  .17010    .41503  1.00
  .18310    .41518  1.00
  .17010    .41524  1.00
  .16410    .41529  1.00
  .17910    .41544  1.00
  .19010    .41550  1.00
  .17010    .41554  1.00
  .18210    .41571  1.00
  .16910    .41588  1.00
  .16810    .41594  1.00
  .16410    .41601  1.00
  .16010    .41615  1.00
  .15910    .41623  1.00
  .15410    .41641  1.00
  .15210    .41648  1.00
  .17010    .41663  1.00
  .16910    .41670  1.00
  .16810    .41691  1.00
  .12010    .40668  1.00
  .13410    .40677  1.00
  .13010    .40684  1.00
  .13110    .40693  1.00
  .13110    .40700  1.00
  .13110    .40719  1.00
  .14010    .40726  1.00
  .12610    .40744  1.00
  .13510    .40752  1.00
  .14810    .40768  1.00
  .16110    .40774  1.00
  .16110    .40797  1.00
  .14710    .40819  1.00
  .16310    .40827  1.00
  .15710    .40835  1.00
  .16010    .40849  1.00
  .17710    .40857  1.00
  .17310    .40881  1.00
  .17210    .40898  1.00
  .17110    .40906  1.00
  .17910    .40912  1.00
  .16410    .40920  1.00
  .17010    .40935  1.00
  .16610    .40961  1.00
  .17010    .40978  1.00
  .17110    .40984  1.00
  .16410    .40990  1.00
  .18210    .41004  1.00
  .16910    .41009  1.00
  .16910    .41016  1.00
  .17510    .41029  1.00
  .18110    .41049  1.00
  .18410    .41056  1.00
  .16510    .41063  1.00
  .17310    .41070  1.00
  .17510    .41085  1.00
  .17310    .41092  1.00
  .17810    .41100  1.00
  .18110    .41115  1.00
  .18510    .41124  1.00
  .18410    .41141  1.00
  .18710    .41147  1.00
  .18210    .41154  1.00
  .18110    .41183  1.00
  .17810    .41190  1.00
  .18210    .41196  1.00
  .18010    .41210  1.00
  .19210    .41227  1.00
  .18810    .41234  1.00
  .18310    .41242  1.00
  .18610    .41255  1.00
  .20010    .41263  1.00
  .19410    .41335  1.00
  .19410    .41343  1.00
  .19110    .41350  1.00
  .19410    .41366  1.00
  .19710    .41372  1.00
  .20010    .41379  1.00
  .19410    .41394  1.00
  .18110    .41400  1.00
  .19110    .41419  1.00
  .18910    .41425  1.00
  .18110    .41432  1.00
  .19310    .41447  1.00
  .18610    .41454  1.00
  .17710    .41461  1.00
  .18010    .41475  1.00
  .18710    .41482  1.00
  .17910    .41488  1.00
  .17510    .41503  1.00
  .18110    .41510  1.00
  .17110    .41517  1.00
  .18110    .41531  1.00
  .17910    .41538  1.00
  .17610    .41545  1.00
  .17710    .41559  1.00
  .17310    .41575  1.00
  .18010    .41583  1.00
  .18110    .41589  1.00
  .17610    .41610  1.00
  .17310    .41618  1.00
  .16810    .41624  1.00
  .17510    .41632  1.00
  .17210    .41649  1.00
  .17710    .41656  1.00
  .17610    .41678  1.00
  .17210    .41686  1.00
  .17310    .41696  1.00
  .17610    .41712  1.00
  .17010    .41719  1.00
  .17210    .41726  1.00
  .16410    .41741  1.00
  .15610    .41749  1.00
  .16210    .41755  1.00
  .15810    .41764  1.00
  .16510    .41770  1.00
  .15310    .41801  1.00
  .14310    .41808  1.00
  .14810    .41816  1.00
  .15310    .41831  1.00
  .14810    .41839  1.00
  .14710    .41856  1.00
  .13910    .41863  1.00
  .13910    .41870  1.00
  .14310    .41886  1.00
  .13610    .41896  1.00
  .14110    .41904  1.00
  .14210    .41912  1.00
  .12510    .41929  1.00
  .13410    .41937  1.00
  .00210    .52731  1.00
  .00210    .52743  1.00
 -.01290    .52762  1.00
  .00710    .52778  1.00
  .00210    .52792  1.00
 -.00990    .52823  1.00
  .00010    .52836  1.00
  .01510    .52848  1.00
  .00910    .52863  1.00
  .00710    .52879  1.00
  .01210    .56376  1.00
  .00310    .56391  1.00
  .00210    .56406  1.00
  .00210    .56413  1.00
  .01710    .56429  1.00
  .00110    .56463  1.00
 -.00490    .56471  1.00
  .00110   -.01038  1.00
 -.01090   -.01016  1.00
 -.00790   -.01006  1.00
 -.01090   -.00989  1.00
 -.00890   -.00981  1.00
 -.00090   -.00963  1.00
 -.00990   -.00957  1.00
  .00110   -.00944  1.00
  .00110   -.00935  1.00
 -.00090   -.00929  1.00
 -.00790   -.00915  1.00
 -.00690   -.00909  1.00
 -.00790   -.00871  1.00
 -.01290   -.00840  1.00
 -.00290   -.00827  1.00
 -.00390   -.00820  1.00
 -.00090   -.00813  1.00
 -.00290   -.00804  1.00
  .00610   -.00798  1.00
 -.00290   -.00792  1.00
  .00310   -.00775  1.00
  .01510   -.00770  1.00
  .01410   -.00756  1.00
  .00210   -.00749  1.00
  .01110   -.00743  1.00
  .01710   -.00737  1.00
  .03310   -.00692  1.00
  .03810   -.00685  1.00
  .03710   -.00671  1.00
  .04710   -.00665  1.00
  .06110   -.00645  1.00
  .06510   -.00637  1.00
  .07510   -.00632  1.00
  .06610   -.00618  1.00
  .07110   -.00611  1.00
  .08710   -.00605  1.00
  .08610   -.00599  1.00
  .09410   -.00584  1.00
  .10210   -.00578  1.00
  .10210   -.00571  1.00
  .11110   -.00558  1.00
  .12510   -.00552  1.00
  .13210   -.00545  1.00
  .11710   -.00539  1.00
  .13110   -.00521  1.00
  .14310   -.00514  1.00
  .13210   -.00507  1.00
  .14010   -.00501  1.00
  .13310   -.00487  1.00
  .17110   -.00482  1.00
  .18010   -.00475  1.00
  .17910   -.00469  1.00
  .17110   -.00455  1.00
  .16210   -.00448  1.00
  .17610   -.00441  1.00
  .17610   -.00428  1.00
  .18710   -.00411  1.00
  .20310   -.00405  1.00
  .21310   -.00391  1.00
  .21810   -.00384  1.00
  .21510   -.00376  1.00
  .00110   -.00898  1.00
 -.00390   -.00894  1.00
 -.00790   -.00889  1.00
  .00710   -.00879  1.00
 -.01090   -.00875  1.00
 -.00990   -.00870  1.00
  .00110   -.00864  1.00
  .00210   -.00855  1.00
  .00310   -.00845  1.00
 -.01190   -.00842  1.00
 -.01390   -.00838  1.00
  .00410   -.00828  1.00
 -.01290   -.00823  1.00
  .00110   -.00819  1.00
  .00410   -.00809  1.00
 -.00990   -.00805  1.00
 -.00390   -.00791  1.00
  .01210   -.00782  1.00
  .01010   -.00777  1.00
  .01210   -.00772  1.00
  .00610   -.00763  1.00
 -.00790   -.00759  1.00
  .00110   -.00755  1.00
  .01110   -.00746  1.00
 -.00290   -.00741  1.00
  .00710   -.00730  1.00
  .02510   -.00726  1.00
  .03310   -.00717  1.00
  .03810   -.00713  1.00
  .03710   -.00709  1.00
  .02310   -.00704  1.00
  .06010   -.00695  1.00
  .03910   -.00690  1.00
  .02810   -.00680  1.00
  .04010   -.00677  1.00
  .06910   -.00664  1.00
  .05210   -.00660  1.00
  .04810   -.00656  1.00
  .03410   -.00645  1.00
  .05110   -.00641  1.00
  .05110   -.00637  1.00
  .04610   -.00633  1.00
  .05910   -.00623  1.00
  .07810   -.00619  1.00
  .05410   -.00607  1.00
  .05210   -.00603  1.00
  .04610   -.00599  1.00
  .08010   -.00591  1.00
  .08810   -.00587  1.00
  .07610   -.00584  1.00
  .09410   -.00579  1.00
  .08410   -.00574  1.00
  .10010   -.00564  1.00
  .11710   -.00560  1.00
  .10010   -.00556  1.00
  .12210   -.00546  1.00
  .11610   -.00534  1.00
  .01610    .39830  1.00
  .02710    .39833  1.00
  .01510    .39843  1.00
  .01310    .39847  1.00
  .01010    .39850  1.00
  .01110    .39858  1.00
  .00810    .39868  1.00
  .00810    .39876  1.00
  .02010    .39879  1.00
  .00610    .39883  1.00
  .00710    .39892  1.00
  .02910    .39895  1.00
  .01910    .39905  1.00
  .02410    .39913  1.00
  .01210    .39918  1.00
  .02510    .39926  1.00
  .01410    .39930  1.00
  .02510    .39934  1.00
  .01810    .39938  1.00
  .00810    .39941  1.00
  .01410    .39949  1.00
  .02710    .39973  1.00
  .02610    .39982  1.00
  .02010    .39986  1.00
  .03110    .39990  1.00
  .02410    .39993  1.00
  .02810    .39996  1.00
  .00310    .40004  1.00
  .01910    .40008  1.00
  .03110    .40012  1.00
  .01510    .40015  1.00
  .01810    .40023  1.00
  .05410    .40247  1.00
  .05910    .40256  1.00
  .05710    .40259  1.00
  .08310    .40263  1.00
  .05710    .40271  1.00
  .07510    .40280  1.00
  .07010    .40288  1.00
  .06110    .40297  1.00
  .07910    .40301  1.00
  .07010    .40309  1.00
  .09910    .40318  1.00
  .09810    .40328  1.00
  .10510    .40341  1.00
  .09410    .40345  1.00
  .06310    .40349  1.00
  .06810    .40357  1.00
 -.00070    .51853  1.00
  .00030    .51885  1.00
  .00230    .51917  1.00
  .00030    .55630  1.00
  .01430    .55660  1.00
  .01330    .55689  1.00
 -.00470    .01465  1.00
  .01230    .01516  1.00
 -.01370    .01556  1.00
  .01130    .05296  1.00
  .01330    .05331  1.00
  .00730    .05374  1.00
  .01330    .13141  1.00
  .00230    .13181  1.00
  .01730    .13221  1.00
 -.00970    .16841   .50
  .01730    .16868   .50
  .00230    .16886   .50
 -.00570    .47863  1.00
 -.00870    .47904  1.00
 -.00770    .47917  1.00
 -.00170    .55432  1.00
  .00630    .55459  1.00
 -.00870    .55488  1.00
  .00130    .59304   .50
  .00630    .59328   .50
  .00730    .59354   .50
  .01230    .31779   .50
  .00030    .31806   .50
  .00730    .31833   .50
 -.00970    .35759  1.00
  .01330    .35788  1.00
  .00730    .35810  1.00
 -.03070    .66493   .50
 -.01470    .66507   .50
 -.00670    .66518   .50
  .00430   -.18081  1.00
  .00030   -.18056  1.00
 -.00670   -.18033  1.00
  .00030   -.14420  1.00
 -.00170   -.14391  1.00
  .00130   -.14367  1.00
  .01830    .62723   .50
 -.00270    .62755   .50
 -.01470    .62785   .50
  .00230   -.29696   .50
 -.00770   -.29664   .50
 -.00370   -.29627   .50
 -.01370   -.25699   .50
  .01630   -.25675   .50
 -.00270   -.25643   .50
  .00430    .54437  1.50
  .00030    .54461  1.50
  .00730    .54484  1.50
 -.00370   -.07061  1.00
  .00530   -.07041  1.00
  .00430   -.07020  1.00
  .39130   -.00132  1.50
  .40130   -.00103  1.50
  .41030   -.00086  1.50
  .41330    .00090  1.50
  .40630    .00109  1.50
  .39530    .00125  1.50
  .38730    .00141  1.50
  .38030    .00157  1.50
  .36530    .00179  1.50
  .35230    .00195  1.50
  .35330    .00208  1.50
  .33430    .00224  1.50
  .33030    .00246  1.50
  .30230    .00283  1.50
  .28130    .00305  1.50
  .24930    .00332  1.50
  .24730    .00361  1.50
  .22430    .00380  1.50
  .21230    .00404  1.50
  .19330    .00425  1.50
  .16930    .00465  1.50
  .15330    .00489  1.50
  .12930    .00516  1.50
  .11130    .00543  1.50
  .10130    .00570  1.50
  .08830    .00586  1.50
  .07630    .00618  1.50
  .05930    .00645  1.50
  .03830    .00682  1.50
  .03330    .00706  1.50
  .02430    .00730  1.50
  .01530    .00757  1.50
  .01430    .00787  1.50
  .01230    .00813  1.50
  .00430    .00848  1.50
  .00530    .00888  1.50
  .01030    .00926  1.50
 -.00270    .00953  1.50
  .01030    .04214  1.00
  .00130    .04273  1.00
  .01130    .04326  1.00
 -.00670    .50647  1.50
  .00730    .50666  1.50
  .00330    .50688  1.50
  .01430    .50524  1.50
  .00930    .50554  1.50
  .01030    .50581  1.50
 -.00070   -.22604  1.00
  .00230   -.22580  1.00
  .00530   -.22556  1.00
 -.00270   -.18837  1.50
 -.01870   -.18816  1.50
 -.00470   -.18800  1.50
  .00630    .53981  1.00
 -.00070    .54018  1.00
 -.00070    .54051  1.00
 -.00170    .54388  1.00
  .00230    .54439  1.00
 -.00270    .54468  1.00
  .00630   -.07894  1.50
 -.00070   -.07860  1.50
 -.00170   -.07835  1.50
  .00530   -.04094  1.00
 -.00470   -.04067  1.00
 -.00370   -.04040  1.00
 -.00670    .11501  1.00
 -.00770    .11525  1.00
 -.00270    .11548  1.00
  .00230    .22958   .25
  .00130    .23007   .25
 -.00170    .23033   .25
  .00130    .34538  1.50
  .00230    .34563  1.50
 -.00270    .34601  1.50
  .00530    .45963  1.00
 -.00370    .45995  1.00
 -.00770    .46027  1.00
  .13330    .40802  1.50
  .13830    .40827  1.50
  .15330    .40841  1.50
  .14230    .40855  1.50
  .15830    .40875  1.50
  .15030    .40901  1.50
  .15630    .40926  1.50
  .16330    .40950  1.50
  .16030    .40984  1.50
  .16830    .41020  1.50
  .16830    .41037  1.50
  .17330    .41055  1.50
  .17830    .41083  1.50
  .17830    .41110  1.50
  .18630    .41135  1.50
  .18130    .41152  1.50
  .17930    .41172  1.50
  .17830    .41194  1.50
  .18130    .41210  1.50
  .17530    .41225  1.50
  .17930    .41241  1.50
  .18330    .41256  1.50
  .18430    .41280  1.50
  .17730    .41295  1.50
  .17630    .41312  1.50
  .18930    .41329  1.50
  .19130    .41348  1.50
  .18430    .41362  1.50
  .18630    .41378  1.50
  .18330    .41397  1.50
  .18430    .41411  1.50
  .17630    .41424  1.50
  .17330    .41437  1.50
  .17630    .41458  1.50
  .17630    .41473  1.50
  .17730    .41498  1.50
  .17230    .41518  1.50
  .16330    .41537  1.50
  .17430    .41551  1.50
  .16530    .41565  1.50
  .16530    .41584  1.50
  .18230    .41598  1.50
 -.00180   -.26045  1.50
  .00820   -.26019  1.50
  .00920   -.25989  1.50
 -.00480   -.25958  1.50
 -.00580   -.25934  1.50
 -.01180   -.18626  1.00
 -.00580   -.18613  1.00
 -.00980   -.18591  1.00
 -.00580   -.18577  1.00
 -.00980   -.18557  1.00
 -.00380   -.18544  1.00
  .00120   -.18519  1.00
 -.00280   -.15208  1.50
 -.00180   -.15183  1.50
  .00120   -.15157  1.50
 -.00580   -.15135  1.50
  .00320   -.10926  1.50
  .00420   -.10900  1.50
 -.00680   -.10876  1.50
 -.00180   -.10853  1.50
  .00120   -.10831  1.50
 -.00080   -.07418  1.00
  .00320   -.07359  1.00
  .00020   -.07340  1.00
 -.00080   -.07290  1.00
  .00120   -.03529  1.00
 -.00280   -.03479  1.00
 -.00080   -.03456  1.00
 -.00380   -.03398  1.00
 -.00480   -.03340  1.00
  .35820   -.00182  1.00
  .40420   -.00155  1.00
  .39720   -.00130  1.00
  .41520   -.00106  1.00
  .41420   -.00082  1.00
  .43320   -.00069  1.00
  .42120   -.00060  1.00
  .42820   -.00038  1.00
  .43220   -.00026  1.00
  .43020   -.00017  1.00
  .42020    .00004  1.00
  .42420    .00016  1.00
  .43320    .00026  1.00
  .42620    .00046  1.00
  .42520    .00057  1.00
  .42320    .00065  1.00
  .40920    .00114  1.50
  .37520    .00126  1.50
  .40020    .00134  1.50
  .38720    .00153  1.50
  .35420    .00166  1.50
  .35320    .00186  1.50
  .35920    .00197  1.50
  .31720    .00243  1.50
  .31220    .00256  1.50
  .30520    .00265  1.50
  .28820    .00287  1.50
  .28020    .00298  1.50
  .27520    .00318  1.50
  .25220    .00331  1.50
  .23720    .00351  1.50
  .23620    .00364  1.50
  .21220    .00386  1.50
  .20320    .00397  1.50
  .16220    .00460  1.50
  .14620    .00473  1.50
  .14320    .00498  1.50
  .12720    .00511  1.50
  .12420    .00531  1.50
  .11020    .00545  1.50
  .09420    .00567  1.50
  .09320    .00581  1.50
  .06220    .00632  1.50
  .05020    .00644  1.50
  .05120    .00666  1.50
  .04620    .00680  1.50
  .02920    .00700  1.50
  .03420    .00712  1.50
  .02920    .00734  1.50
  .02720    .00746  1.50
  .01320    .00804  1.50
  .00320    .00816  1.50
 -.00180    .00838  1.50
  .00320    .00851  1.50
 -.00580    .00872  1.50
 -.00280    .00885  1.50
 -.00380    .00905  1.50
 -.00280    .00919  1.50
 -.00180    .04187  1.50
  .00820    .04212  1.50
 -.00580    .04240  1.50
 -.00480    .04266  1.50
  .00580   -.09255  1.00
 -.00220   -.09200  1.00
  .00380   -.09155  1.00
 -.00620   -.05238   .50
 -.00120   -.05210   .50
 -.00720   -.05171   .50
 -.00190    .14108   .50
 -.00390    .14163   .50
 -.00690    .14506   .50
  .00810   -.16688  1.00
 -.00190   -.16632  1.00
  .00310   -.16345  1.00
 -.00190   -.16290  1.00
 -.00890   -.20714  1.00
 -.00490   -.20371  1.00
 -.01090   -.20028  1.00
 -.00190   -.27925  1.00
  .00010   -.27870  1.00
  .00210   -.27583  1.00
 -.00090   -.27528  1.00
  .06010   -.00641  1.00
  .23910   -.00354  1.00
  .27810   -.00299  1.00
  .43510   -.00011  1.00
  .42310    .00044  1.00
  .25310    .00332  1.00
  .21610    .00387  1.00
 -.00090   -.06123  1.00
 -.00490   -.05781  1.00
  .00710   -.05438  1.00
  .00810   -.05383  1.00
 -.00890   -.00880  1.00
 -.00690    .44357  1.00
 -.00090    .44644   .50
  .00210    .45673  1.00
  .00010   -.22455  1.00
 -.00790   -.22112  1.00
 -.00290   -.21769  1.00
  .00110   -.21426  1.00
 -.00790    .20020  1.00
 -.00690    .20075  1.00
  .00210    .20363  1.00
 -.00790    .20418  1.00
  .00310    .20705  1.00
  .00310   -.08717  1.00
  .01510   -.08662   .50
  .00410   -.08032  1.00
  .01610    .54023  1.00
  .00110    .54365  1.00
 -.00890    .54420  1.00
 -.00190    .55393  1.00
 -.01090    .55448  1.00
 -.00090    .55736  1.00
 -.00690    .55791  1.00
  .00010    .56079  1.00
 -.00790    .56134  1.00
 -.00790    .57107  1.00
  .00510    .57162  1.00
 -.00290    .57449  1.00
  .01510   -.13763  1.00
  .00310   -.13708  1.00
  .01710   -.13421   .50
 -.00090   -.13366  1.00
  .00810   -.13078  1.00
  .00110   -.13023  1.00
 -.00290   -.12050  1.00
 -.00390   -.11995  1.00
 -.00590   -.11707  1.00
 -.00590   -.11652  1.00
  .00910   -.11364  1.00
 -.00690   -.11309  1.00
  .00110   -.10337  1.00
  .00210   -.10281  1.00
 -.00590   -.09939  1.00
  .00310    .29518  1.00
  .00910    .29574  1.00
  .00810    .29861  1.00
  .00610    .29916  1.00
 -.00290    .30889  1.00
  .00510    .30944  1.00
 -.01090    .31232  1.00
  .00510    .31287   .50
  .00010   -.10164  1.00
 -.00090   -.09081  1.00
  .00510   -.08794  1.00
  .00410   -.08739  1.00
  .01110    .29278  1.00
  .01610    .54662  1.00
 -.00090    .54717  1.00
 -.00290    .19428  1.00
  .00610    .61344  1.00
 -.00490    .61400  1.00
 -.00190    .61687  1.00
 -.00490    .61742  1.00
  .00410    .62030  1.00
 -.00590    .62085  1.00
  .00810    .05891  1.00
 -.00290    .05946  1.00
 -.00490    .06233  1.00
  .00110    .06289  1.00
 -.00090    .36724  1.00
  .00210    .36780  1.00
  .00810    .46342  1.00
  .00110    .46397  1.00
 -.00190    .26518  1.00
  .00410    .26573  1.00
  .00810    .27546  1.00
  .00010    .27601  1.00
 -.00390    .56725  1.00
 -.00390    .56780  1.00
 -.00990    .57068  1.00
 -.00590    .06279   .50
 -.00590    .20157  1.00
  .00410    .20444  1.00
  .00000    .00000
  .00650    .30459  1.00
  .01350    .65056  1.00
 -.00250    .45716  1.00
 -.01550    .46167  1.00
 -.00250    .46665  1.00
 -.00050    .49865  1.00
 -.00150    .50339  1.00
  .01950    .34125  1.00
  .02250    .52816  1.00
  .01950    .52054  1.00
 -.00850   -.24835  1.00
 -.00350   -.24141  1.00
  .00850    .13702  1.00
  .00150   -.14176  1.00
  .01650   -.10321  1.00
 -.02050    .24307  1.00
 -.02950    .28398  1.00
  .00150    .16931  1.00
  .00850    .36202  1.00
  .01050    .67294  1.00
  .00950   -.17322  1.00
  .02050   -.13790  1.00
  .01250    .54588  1.00
 -.00550    .58421  1.00
  .05250    .66880  1.00
  .00750   -.06419  1.00
  .01450    .09046  1.00
  .00150   -.21483  1.00
 -.03250    .23222  1.00
 -.00750    .23553  1.00
 -.02150    .24189  1.00
 -.01750    .27582  1.00
  .01450    .66130  1.00
  .01450    .46810  1.00
  .00850    .04419  1.00
  .03050   -.26572  1.00
  .01750    .04038  1.00
 -.00450    .54227  1.00
  .00550    .54555  1.00
  .00450    .54883  1.00
 -.00350    .55233  1.00
  .01450    .42635  1.00
  .00150    .46599  1.00
 -.00350    .68825  1.00
 -.00850    .15440  1.00
  .00350    .19277  1.00
 -.01550    .45576  1.00
  .01750    .07228  1.00
 -.01150    .30323  1.00
  .00550    .38285  1.00
  .00450    .49914  1.00
 -.00450   -.23505  1.00
 -.00750    .03542  1.00
 -.01650    .45197  1.00
  .00050    .56629  1.00
  .00350    .60161  1.00
 -.00950    .64529  1.00
 -.00550   -.27748  1.00
 -.00250   -.23993  1.00
 -.01950   -.12283  1.00
 -.01350   -.09041  1.00
  .00150   -.01152  1.00
  .02450   -.00643  1.00
  .01350    .06613  1.00
 -.01450    .07053  1.00
 -.01550    .10407  1.00
 -.00650    .10959  1.00
 -.00650    .14244  1.00
 -.00450    .14656  1.00
 -.00550    .18092  1.00
  .00450    .25880  1.00
  .00250    .26416  1.00
  .01150    .29686  1.00
  .01550    .52719  1.00
 -.01350    .53409  1.00
 -.01050    .56583  1.00
 -.01550    .60465  1.00
  .01050    .64275  1.00
 -.00650    .64915  1.00
  .00450   -.28002  1.00
  .01150   -.27432  1.00
  .01350    .06456  1.00
  .00550    .07157  1.00
  .00250    .10473  1.00
 -.00850    .11129  1.00
 -.00750    .14202  1.00
 -.01450    .14892  1.00
 -.00750    .22730  1.00
 -.00250    .25853  1.00
 -.00050    .26509  1.00
  .00350    .33545  1.00
  .00550    .34178  1.00
 -.00050    .37266  1.00
 -.00750    .37910  1.00
 -.00150    .52600  1.00
  .00050    .53483  1.00
 -.00550    .60577  1.00
  .00750   -.12661  1.00
 -.00350   -.11974  1.00
  .01250    .06907  1.00
 -.00550    .18308  1.00
  .01450    .18424  1.00
 -.01650    .19195  1.00
 -.00550    .22353  1.00
 -.00150    .23135  1.00
 -.01450    .25684  1.00
 -.00050    .26625  1.00
  .00650    .37305  1.00
 -.00550    .37320  1.00
 -.01350    .38246  1.00
  .00850    .52693  1.00
  .00550    .53834  1.00
  .00350    .68108  1.00
 -.00050    .68470  1.00
 -.00450   -.20129  1.00
 -.00450   -.18829  1.00
 -.00550   -.16304  1.00
  .00250   -.08554  1.00
 -.00650   -.04749  1.00
  .02250   -.04714  1.00
  .01050    .06757  1.00
  .01150    .10535  1.00
  .00850    .14429  1.00
  .00350    .22202  1.00
 -.00450    .45267  1.00
 -.01650   -.27836  1.00
 -.01150   -.23965  1.00
 -.00550   -.20109  1.00
 -.00750   -.19797  1.00
 -.01050   -.19323  1.00
 -.00650   -.18841  1.00
  .00050   -.18378  1.00
  .00150   -.16246  1.00
 -.00550   -.15895  1.00
 -.00150   -.15209  1.00
  .00650   -.14561  1.00
 -.00950   -.12390  1.00
 -.00950   -.12074  1.00
 -.01150   -.11384  1.00
 -.01050   -.10729  1.00
 -.00750   -.08589  1.00
 -.00650   -.04741  1.00
  .01750   -.04664  1.00
 -.00350   -.00762  1.00
  .01250    .26135  1.00
  .01850    .45537  1.00
  .00050    .49308  1.00
  .00250    .29619  1.00
  .02950   -.01307  1.00
  .19550    .41182  1.00
 -.00150   -.08679  1.00
  .01850   -.04796  1.00
 -.00150   -.01272  1.00
  .02550    .02433  1.00
  .00850    .06597  1.00
  .00350    .14085  1.00
  .01050    .21854  1.00
  .00150   -.23858  1.00
 -.04550    .68515  1.00
  .00500    .51853  1.00
  .01400    .51885  1.00
  .00900    .51917  1.00
  .00600    .55630  1.00
  .01200    .55660  1.00
  .01300    .55689  1.00
 -.00700    .01465  1.00
  .00300    .01516  1.00
 -.00700    .01556  1.00
 -.00200    .05296  1.00
  .01700    .05331  1.00
  .01500    .05374  1.00
 -.00200    .13141  1.00
 -.00600    .13181  1.00
 -.00200    .13221  1.00
 -.01300    .16841   .50
 -.00700    .16868   .50
 -.01800    .16886   .50
 -.00400    .47863  1.00
 -.00300    .47904  1.00
 -.00300    .47917  1.00
 -.00300    .55432  1.00
 -.00100    .55459  1.00
 -.01000    .55488  1.00
 -.00700    .59304   .50
  .00400    .59328   .50
  .00700    .59354   .50
  .00300    .31779   .50
  .00000    .31806   .50
 -.01300    .31833   .50
 -.00500    .35759  1.00
  .01100    .35788  1.00
  .01000    .35810  1.00
  .00100    .66493   .50
 -.00100    .66507   .50
 -.00400    .66518   .50
  .00900   -.18081  1.00
  .00700   -.18056  1.00
  .00700   -.18033  1.00
 -.00700   -.14420  1.00
 -.00200   -.14391  1.00
 -.00200   -.14367  1.00
  .00000    .62723   .50
  .01000    .62755   .50
 -.00300    .62785   .50
  .00800   -.29696   .50
  .00400   -.29664   .50
  .00500   -.29627   .50
  .00700   -.25699   .50
 -.00300   -.25675   .50
  .00700   -.25643   .50
  .00000    .54437  1.50
 -.01600    .54461  1.50
 -.00900    .54484  1.50
  .00000   -.07061  1.00
  .00000   -.07041  1.00
 -.00500   -.07020  1.00
  .39500   -.00132  1.50
  .41900   -.00103  1.50
  .42700   -.00086  1.50
  .41700    .00090  1.50
  .41200    .00109  1.50
  .40600    .00125  1.50
  .39600    .00141  1.50
  .38900    .00157  1.50
  .36600    .00179  1.50
  .36000    .00195  1.50
  .35100    .00208  1.50
  .34100    .00224  1.50
  .33800    .00246  1.50
  .30500    .00283  1.50
  .28200    .00305  1.50
  .25700    .00332  1.50
  .24400    .00361  1.50
  .23100    .00380  1.50
  .21700    .00404  1.50
  .19400    .00425  1.50
  .16500    .00465  1.50
  .15700    .00489  1.50
  .13400    .00516  1.50
  .11700    .00543  1.50
  .10800    .00570  1.50
  .09300    .00586  1.50
  .07800    .00618  1.50
  .06300    .00645  1.50
  .04700    .00682  1.50
  .03900    .00706  1.50
  .02700    .00730  1.50
  .01500    .00757  1.50
  .02100    .00787  1.50
  .01700    .00813  1.50
  .01100    .00848  1.50
  .01000    .00888  1.50
  .01200    .00926  1.50
  .00500    .00953  1.50
  .01900    .04214  1.00
  .00300    .04273  1.00
  .01400    .04326  1.00
  .00000    .50647  1.50
  .00200    .50666  1.50
 -.00500    .50688  1.50
  .00600    .50524  1.50
  .00900    .50554  1.50
 -.00200    .50581  1.50
  .00500   -.22604  1.00
 -.00200   -.22580  1.00
 -.00500   -.22556  1.00
 -.00400   -.18837  1.50
 -.00600   -.18816  1.50
 -.00600   -.18800  1.50
 -.01200    .53981  1.00
 -.00200    .54018  1.00
 -.01300    .54051  1.00
 -.01100    .54388  1.00
 -.01100    .54439  1.00
 -.00600    .54468  1.00
  .00200   -.07894  1.50
  .00000   -.07860  1.50
 -.00400   -.07835  1.50
  .00500   -.04094  1.00
 -.00700   -.04067  1.00
 -.00500   -.04040  1.00
 -.00900    .11501  1.00
 -.00300    .11525  1.00
 -.00500    .11548  1.00
 -.00200    .22958   .25
  .00200    .23007   .25
 -.00700    .23033   .25
 -.00600    .34538  1.50
 -.00100    .34563  1.50
 -.00900    .34601  1.50
  .00400    .45963  1.00
  .00700    .45995  1.00
 -.00600    .46027  1.00
  .15000    .40802  1.50
  .14500    .40827  1.50
  .14200    .40841  1.50
  .15100    .40855  1.50
  .15200    .40875  1.50
  .14400    .40901  1.50
  .15900    .40926  1.50
  .15400    .40950  1.50
  .15100    .40984  1.50
  .16500    .41020  1.50
  .17200    .41037  1.50
  .17200    .41055  1.50
  .17300    .41083  1.50
  .16600    .41110  1.50
  .16600    .41135  1.50
  .16800    .41152  1.50
  .17200    .41172  1.50
  .17500    .41194  1.50
  .18400    .41210  1.50
  .17900    .41225  1.50
  .17800    .41241  1.50
  .17800    .41256  1.50
  .17500    .41280  1.50
  .18200    .41295  1.50
  .18600    .41312  1.50
  .17500    .41329  1.50
  .19200    .41348  1.50
  .19600    .41362  1.50
  .18300    .41378  1.50
  .17400    .41397  1.50
  .17400    .41411  1.50
  .17200    .41424  1.50
  .18000    .41437  1.50
  .17100    .41458  1.50
  .16800    .41473  1.50
  .16500    .41498  1.50
  .16600    .41518  1.50
  .16300    .41537  1.50
  .17500    .41551  1.50
  .16200    .41565  1.50
  .16200    .41584  1.50
  .16700    .41598  1.50
  .00030   -.26045  1.50
  .00130   -.26019  1.50
 -.00570   -.25989  1.50
 -.00470   -.25958  1.50
  .00630   -.25934  1.50
 -.01570   -.18626  1.00
 -.01470   -.18613  1.00
 -.00770   -.18591  1.00
  .00230   -.18577  1.00
 -.00570   -.18557  1.00
 -.01370   -.18544  1.00
 -.00870   -.18519  1.00
  .00930   -.15208  1.50
  .00230   -.15183  1.50
  .01030   -.15157  1.50
 -.00270   -.15135  1.50
  .00730   -.10926  1.50
  .00930   -.10900  1.50
  .00830   -.10876  1.50
  .00830   -.10853  1.50
  .00630   -.10831  1.50
  .00830   -.07418  1.00
  .00530   -.07359  1.00
  .00730   -.07340  1.00
  .01330   -.07290  1.00
  .00530   -.03529  1.00
  .00930   -.03479  1.00
  .01230   -.03456  1.00
  .00730   -.03398  1.00
  .00530   -.03340  1.00
  .36230   -.00182  1.00
  .38830   -.00155  1.00
  .40030   -.00130  1.00
  .40330   -.00106  1.00
  .41030   -.00082  1.00
  .43130   -.00069  1.00
  .42830   -.00060  1.00
  .42530   -.00038  1.00
  .44330   -.00026  1.00
  .44730   -.00017  1.00
  .44330    .00004  1.00
  .44330    .00016  1.00
  .43730    .00026  1.00
  .41330    .00046  1.00
  .42330    .00057  1.00
  .42830    .00065  1.00
  .41530    .00114  1.50
  .40430    .00126  1.50
  .39330    .00134  1.50
  .36830    .00153  1.50
  .36930    .00166  1.50
  .36330    .00186  1.50
  .35230    .00197  1.50
  .31730    .00243  1.50
  .31230    .00256  1.50
  .30630    .00265  1.50
  .29330    .00287  1.50
  .28030    .00298  1.50
  .26930    .00318  1.50
  .25830    .00331  1.50
  .23630    .00351  1.50
  .23230    .00364  1.50
  .21130    .00386  1.50
  .20830    .00397  1.50
  .16130    .00460  1.50
  .15030    .00473  1.50
  .14330    .00498  1.50
  .13830    .00511  1.50
  .12130    .00531  1.50
  .12030    .00545  1.50
  .10030    .00567  1.50
  .09930    .00581  1.50
  .07030    .00632  1.50
  .06530    .00644  1.50
  .04630    .00666  1.50
  .03830    .00680  1.50
  .03530    .00700  1.50
  .02730    .00712  1.50
  .02430    .00734  1.50
  .01630    .00746  1.50
  .01230    .00804  1.50
  .00630    .00816  1.50
  .00530    .00838  1.50
 -.00070    .00851  1.50
  .00630    .00872  1.50
  .00330    .00885  1.50
  .00330    .00905  1.50
  .01330    .00919  1.50
 -.00070    .04187  1.50
 -.00370    .04212  1.50
  .01230    .04240  1.50
 -.00070    .04266  1.50
 -.00010   -.09255  1.00
 -.00410   -.09200  1.00
  .00090   -.09155  1.00
  .00390   -.05238   .50
  .00890   -.05210   .50
 -.00610   -.05171   .50
  .00000    .00000
  .01710    .30459  1.00
  .01910    .65056  1.00
  .00310    .45716  1.00
  .00010    .46167  1.00
  .00510    .46665  1.00
  .00110    .49865  1.00
  .01110    .50339  1.00
  .02310    .34125  1.00
  .02710    .52816  1.00
  .02310    .52054  1.00
  .00210   -.24835  1.00
 -.00090   -.24141  1.00
  .00710    .13702  1.00
  .00810   -.14176  1.00
  .03210   -.10321  1.00
 -.01590    .24307  1.00
 -.02290    .28398  1.00
  .01010    .16931  1.00
  .02110    .36202  1.00
  .02610    .67294  1.00
  .02210   -.17322  1.00
  .02610   -.13790  1.00
  .01010    .54588  1.00
  .00910    .58421  1.00
  .05710    .66880  1.00
  .01210   -.06419  1.00
  .02110    .09046  1.00
  .00110   -.21483  1.00
 -.05590    .23222  1.00
 -.02590    .23553  1.00
 -.03990    .24189  1.00
 -.04990    .27582  1.00
  .01910    .66130  1.00
  .01510    .46810  1.00
  .00210    .04419  1.00
  .02810   -.26572  1.00
  .00010    .04038  1.00
  .00410    .54227  1.00
  .01210    .54555  1.00
  .00910    .54883  1.00
  .00510    .55233  1.00
  .00610    .42635  1.00
  .00710    .46599  1.00
  .01010    .68825  1.00
 -.00590    .15440  1.00
  .00810    .19277  1.00
 -.02290    .45576  1.00
  .02210    .07228  1.00
 -.00190    .30323  1.00
  .00410    .38285  1.00
  .00710    .49914  1.00
  .00010   -.23505  1.00
 -.00690    .03542  1.00
 -.01490    .45197  1.00
  .00810    .56629  1.00
  .00010    .60161  1.00
 -.01390    .64529  1.00
 -.01890   -.27748  1.00
 -.00390   -.23993  1.00
 -.02490   -.12283  1.00
 -.01490   -.09041  1.00
 -.00090   -.01152  1.00
  .01210   -.00643  1.00
  .00910    .06613  1.00
 -.01390    .07053  1.00
 -.01290    .10407  1.00
 -.01090    .10959  1.00
 -.00290    .14244  1.00
 -.00090    .14656  1.00
 -.00990    .18092  1.00
  .00210    .25880  1.00
 -.00590    .26416  1.00
  .01010    .29686  1.00
  .01010    .52719  1.00
 -.01390    .53409  1.00
 -.01390    .56583  1.00
 -.01890    .60465  1.00
  .00910    .64275  1.00
 -.01090    .64915  1.00
  .00410   -.28002  1.00
  .02310   -.27432  1.00
  .01110    .06456  1.00
  .00310    .07157  1.00
  .00210    .10473  1.00
 -.00890    .11129  1.00
 -.01290    .14202  1.00
 -.01590    .14892  1.00
  .00210    .22730  1.00
 -.01190    .25853  1.00
 -.00090    .26509  1.00
 -.00090    .33545  1.00
  .00610    .34178  1.00
 -.00490    .37266  1.00
 -.01290    .37910  1.00
 -.01090    .52600  1.00
 -.00790    .53483  1.00
 -.00790    .60577  1.00
  .00610   -.12661  1.00
 -.00090   -.11974  1.00
 -.00390    .06907  1.00
  .00010    .18308  1.00
  .01710    .18424  1.00
 -.00490    .19195  1.00
  .00010    .22353  1.00
  .00410    .23135  1.00
 -.02290    .25684  1.00
 -.00690    .26625  1.00
  .00510    .37305  1.00
 -.01290    .37320  1.00
 -.01190    .38246  1.00
  .01710    .52693  1.00
  .01010    .53834  1.00
  .00610    .68108  1.00
 -.00590    .68470  1.00
 -.00890   -.20129  1.00
  .01710   -.18829  1.00
 -.00690   -.16304  1.00
 -.00890   -.08554  1.00
 -.01690   -.04749  1.00
  .02310   -.04714  1.00
  .01010    .06757  1.00
  .01010    .10535  1.00
 -.00090    .14429  1.00
 -.00190    .22202  1.00
 -.02690    .45267  1.00
 -.01690   -.27836  1.00
 -.01390   -.23965  1.00
  .00010   -.20109  1.00
 -.00590   -.19797  1.00
 -.00590   -.19323  1.00
 -.00090   -.18841  1.00
  .00110   -.18378  1.00
 -.00390   -.16246  1.00
 -.00890   -.15895  1.00
 -.00590   -.15209  1.00
  .00210   -.14561  1.00
 -.00890   -.12390  1.00
 -.01090   -.12074  1.00
 -.00890   -.11384  1.00
 -.01390   -.10729  1.00
 -.00990   -.08589  1.00
 -.01690   -.04741  1.00
  .03310   -.04664  1.00
 -.00590   -.00762  1.00
  .01310    .26135  1.00
  .00510    .45537  1.00
 -.00790    .49308  1.00
 -.00690    .29619  1.00
  .02510   -.01307  1.00
  .19410    .41182  1.00
  .00810   -.08679  1.00
  .01910   -.04796  1.00
 -.00190   -.01272  1.00
  .03810    .02433  1.00
  .00510    .06597  1.00
  .00410    .14085  1.00
  .01310    .21854  1.00
  .00410   -.23858  1.00
 -.03690    .68515  1.00
  .00640    .51853  1.00
  .03740    .51885  1.00
  .02340    .51917  1.00
  .02140    .55630  1.00
  .01640    .55660  1.00
  .01540    .55689  1.00
 -.05860    .01465  1.00
 -.00760    .01516  1.00
  .01240    .01556  1.00
  .01640    .05296  1.00
 -.03260    .05331  1.00
 -.01660    .05374  1.00
  .01140    .13141  1.00
  .01340    .13181  1.00
 -.01360    .13221  1.00
 -.03460    .16841   .50
 -.01060    .16868   .50
 -.00960    .16886   .50
  .00240    .47863  1.00
  .01540    .47904  1.00
  .00840    .47917  1.00
 -.00460    .55432  1.00
  .00240    .55459  1.00
 -.02160    .55488  1.00
 -.00260    .59304   .50
  .01040    .59328   .50
  .01340    .59354   .50
  .02440    .31779   .50
  .04740    .31806   .50
  .01940    .31833   .50
 -.00260    .35759  1.00
  .00540    .35788  1.00
 -.02460    .35810  1.00
  .00740    .66493   .50
  .01640    .66507   .50
  .01840    .66518   .50
  .02140   -.18081  1.00
  .00940   -.18056  1.00
  .00840   -.18033  1.00
 -.00760   -.14420  1.00
 -.00560   -.14391  1.00
 -.01260   -.14367  1.00
  .00640    .62723   .50
  .01840    .62755   .50
  .03340    .62785   .50
  .00040   -.29696   .50
  .04440   -.29664   .50
  .03240   -.29627   .50
  .02140   -.25699   .50
  .02540   -.25675   .50
 -.02660   -.25643   .50
  .00040    .54437  1.50
 -.01560    .54461  1.50
 -.00660    .54484  1.50
 -.00460   -.07061  1.00
 -.01160   -.07041  1.00
 -.00860   -.07020  1.00
  .39840   -.00132  1.50
  .41640   -.00103  1.50
  .42340   -.00086  1.50
  .40240    .00090  1.50
  .40440    .00109  1.50
  .39440    .00125  1.50
  .38340    .00141  1.50
  .37740    .00157  1.50
  .35440    .00179  1.50
  .35740    .00195  1.50
  .34740    .00208  1.50
  .33140    .00224  1.50
  .32940    .00246  1.50
  .29440    .00283  1.50
  .27140    .00305  1.50
  .24740    .00332  1.50
  .23340    .00361  1.50
  .21940    .00380  1.50
  .20740    .00404  1.50
  .18440    .00425  1.50
  .15640    .00465  1.50
  .14340    .00489  1.50
  .13740    .00516  1.50
  .11340    .00543  1.50
  .10640    .00570  1.50
  .08840    .00586  1.50
  .06940    .00618  1.50
  .05640    .00645  1.50
  .03640    .00682  1.50
  .03440    .00706  1.50
  .03440    .00730  1.50
  .00940    .00757  1.50
  .01140    .00787  1.50
  .01340    .00813  1.50
  .00140    .00848  1.50
  .00240    .00888  1.50
  .02940    .00926  1.50
  .00440    .00953  1.50
  .01340    .04214  1.00
 -.00160    .04273  1.00
  .01540    .04326  1.00
  .00240    .50647  1.50
  .00240    .50666  1.50
  .00040    .50688  1.50
  .00840    .50524  1.50
  .00440    .50554  1.50
  .00140    .50581  1.50
  .00340   -.22604  1.00
  .00240   -.22580  1.00
 -.00560   -.22556  1.00
 -.00760   -.18837  1.50
 -.00560   -.18816  1.50
 -.01060   -.18800  1.50
 -.01260    .53981  1.00
 -.00760    .54018  1.00
 -.01960    .54051  1.00
 -.00160    .54388  1.00
 -.00960    .54439  1.00
 -.00360    .54468  1.00
 -.00560   -.07894  1.50
 -.00560   -.07860  1.50
 -.00260   -.07835  1.50
 -.00160   -.04094  1.00
 -.00760   -.04067  1.00
 -.00960   -.04040  1.00
 -.00960    .11501  1.00
 -.00660    .11525  1.00
 -.00360    .11548  1.00
 -.00760    .22958   .25
 -.00460    .23007   .25
 -.01360    .23033   .25
 -.01160    .34538  1.50
 -.00560    .34563  1.50
 -.01160    .34601  1.50
 -.00060    .45963  1.00
  .00440    .45995  1.00
 -.00860    .46027  1.00
  .16640    .40802  1.50
  .16740    .40827  1.50
  .16040    .40841  1.50
  .16740    .40855  1.50
  .16440    .40875  1.50
  .17240    .40901  1.50
  .18040    .40926  1.50
  .16540    .40950  1.50
  .15440    .40984  1.50
  .17740    .41020  1.50
  .17640    .41037  1.50
  .17440    .41055  1.50
  .18240    .41083  1.50
  .17440    .41110  1.50
  .16540    .41135  1.50
  .17140    .41152  1.50
  .18440    .41172  1.50
  .18540    .41194  1.50
  .19040    .41210  1.50
  .18640    .41225  1.50
  .18340    .41241  1.50
  .19240    .41256  1.50
  .17940    .41280  1.50
  .17940    .41295  1.50
  .18240    .41312  1.50
  .17340    .41329  1.50
  .18140    .41348  1.50
  .18840    .41362  1.50
  .19040    .41378  1.50
  .17940    .41397  1.50
  .18640    .41411  1.50
  .17740    .41424  1.50
  .17640    .41437  1.50
  .18040    .41458  1.50
  .18240    .41473  1.50
  .17140    .41498  1.50
  .16940    .41518  1.50
  .17040    .41537  1.50
  .17540    .41551  1.50
  .16440    .41565  1.50
  .16940    .41584  1.50
  .17940    .41598  1.50
 -.01080   -.26045  1.50
 -.00380   -.26019  1.50
 -.01080   -.25989  1.50
 -.00680   -.25958  1.50
 -.00780   -.25934  1.50
 -.01980   -.18626  1.00
 -.01580   -.18613  1.00
 -.01280   -.18591  1.00
 -.01380   -.18577  1.00
 -.00980   -.18557  1.00
 -.01980   -.18544  1.00
 -.00980   -.18519  1.00
  .00320   -.15208  1.50
  .00620   -.15183  1.50
  .00420   -.15157  1.50
  .00120   -.15135  1.50
  .00120   -.10926  1.50
  .00520   -.10900  1.50
  .01420   -.10876  1.50
  .00420   -.10853  1.50
  .00720   -.10831  1.50
  .01020   -.07418  1.00
  .01220   -.07359  1.00
  .00120   -.07340  1.00
  .00020   -.07290  1.00
  .00520   -.03529  1.00
  .00520   -.03479  1.00
 -.00080   -.03456  1.00
 -.00180   -.03398  1.00
 -.00480   -.03340  1.00
  .36420   -.00182  1.00
  .39120   -.00155  1.00
  .36420   -.00130  1.00
  .37620   -.00106  1.00
  .41320   -.00082  1.00
  .42820   -.00069  1.00
  .42920   -.00060  1.00
  .45020   -.00038  1.00
  .44020   -.00026  1.00
  .44220   -.00017  1.00
  .44020    .00004  1.00
  .44220    .00016  1.00
  .42820    .00026  1.00
  .42820    .00046  1.00
  .42320    .00057  1.00
  .42220    .00065  1.00
  .40920    .00114  1.50
  .40120    .00126  1.50
  .38820    .00134  1.50
  .38720    .00153  1.50
  .37320    .00166  1.50
  .37720    .00186  1.50
  .36320    .00197  1.50
  .31920    .00243  1.50
  .31220    .00256  1.50
  .30120    .00265  1.50
  .28820    .00287  1.50
  .27920    .00298  1.50
  .25720    .00318  1.50
  .26120    .00331  1.50
  .23920    .00351  1.50
  .22320    .00364  1.50
  .21520    .00386  1.50
  .20820    .00397  1.50
  .16320    .00460  1.50
  .15120    .00473  1.50
  .14220    .00498  1.50
  .12720    .00511  1.50
  .11620    .00531  1.50
  .11720    .00545  1.50
  .09920    .00567  1.50
  .09220    .00581  1.50
  .06920    .00632  1.50
  .07020    .00644  1.50
  .04920    .00666  1.50
  .03820    .00680  1.50
  .03420    .00700  1.50
  .03220    .00712  1.50
  .01620    .00734  1.50
  .00520    .00746  1.50
  .01720    .00804  1.50
  .00720    .00816  1.50
  .00220    .00838  1.50
 -.00180    .00851  1.50
  .00320    .00872  1.50
 -.00280    .00885  1.50
  .01120    .00905  1.50
  .00520    .00919  1.50
 -.00880    .04187  1.50
 -.00080    .04212  1.50
  .01320    .04240  1.50
 -.00080    .04266  1.50
 -.00260   -.09255  1.00
 -.00560   -.09200  1.00
 -.00260   -.09155  1.00
  .00140   -.05238   .50
  .01740   -.05210   .50
  .00340   -.05171   .50
  .00000    .00000
