 
 
 
 0.10000E-03
 0.10000E-03
 0.10377E-03
 0.10769E-03
 0.11175E-03
 0.11605E-03
 0.12052E-03
 0.12515E-03
 0.12996E-03
 0.13496E-03
 0.14015E-03
 0.14554E-03
 0.15114E-03
 0.15695E-03
 0.16299E-03
 0.16926E-03
 0.17577E-03
 0.18252E-03
 0.18954E-03
 0.19683E-03
 0.20440E-03
 0.21226E-03
 0.22043E-03
 0.22891E-03
 0.23771E-03
 0.24685E-03
 0.25634E-03
 0.26620E-03
 0.27644E-03
 0.28707E-03
 0.29811E-03
 0.30958E-03
 0.32148E-03
 0.33385E-03
 0.34668E-03
 0.36002E-03
 0.37386E-03
 0.38824E-03
 0.40317E-03
 0.41868E-03
 0.43478E-03
 0.45150E-03
 0.46886E-03
 0.48689E-03
 0.50562E-03
 0.52506E-03
 0.54525E-03
 0.56622E-03
 0.58800E-03
 0.61061E-03
 0.63409E-03
 0.65848E-03
 0.68380E-03
 0.71010E-03
 0.73740E-03
 0.76576E-03
 0.79521E-03
 0.82579E-03
 0.85755E-03
 0.89052E-03
 0.92477E-03
 0.96033E-03
 0.99726E-03
 0.10356E-02
 0.10754E-02
 0.11168E-02
 0.11597E-02
 0.12043E-02
 0.12506E-02
 0.12987E-02
 0.13487E-02
 0.14005E-02
 0.14544E-02
 0.15103E-02
 0.15684E-02
 0.16287E-02
 0.16913E-02
 0.17564E-02
 0.18239E-02
 0.18941E-02
 0.19669E-02
 0.20425E-02
 0.21211E-02
 0.22026E-02
 0.22873E-02
 0.23753E-02
 0.24666E-02
 0.25614E-02
 0.26599E-02
 0.27622E-02
 0.28684E-02
 0.29787E-02
 0.30932E-02
 0.32121E-02
 0.33356E-02
 0.34639E-02
 0.35971E-02
 0.37354E-02
 0.38790E-02
 0.40281E-02
 0.41830E-02
 0.43438E-02
 0.45108E-02
 0.46842E-02
 0.48643E-02
 0.50513E-02
 0.52455E-02
 0.54471E-02
 0.56565E-02
 0.58739E-02
 0.60997E-02
 0.63342E-02
 0.65777E-02
 0.68305E-02
 0.70931E-02
 0.73657E-02
 0.76488E-02
 0.79428E-02
 0.82481E-02
 0.85651E-02
 0.88943E-02
 0.92361E-02
 0.95910E-02
 0.99596E-02
 0.10342E-01
 0.10740E-01
 0.11153E-01
 0.11581E-01
 0.12026E-01
 0.12488E-01
 0.12968E-01
 0.13466E-01
 0.13984E-01
 0.14521E-01
 0.15079E-01
 0.15658E-01
 0.16260E-01
 0.16884E-01
 0.17533E-01
 0.18207E-01
 0.18906E-01
 0.19632E-01
 0.20386E-01
 0.21169E-01
 0.21982E-01
 0.22827E-01
 0.23704E-01
 0.24614E-01
 0.25559E-01
 0.26541E-01
 0.27560E-01
 0.28619E-01
 0.29718E-01
 0.30859E-01
 0.32044E-01
 0.33275E-01
 0.34553E-01
 0.35880E-01
 0.37258E-01
 0.38689E-01
 0.40175E-01
 0.41718E-01
 0.43320E-01
 0.44984E-01
 0.46713E-01
 0.48507E-01
 0.50371E-01
 0.52306E-01
 0.54317E-01
 0.56404E-01
 0.58573E-01
 0.60825E-01
 0.63164E-01
 0.65593E-01
 0.68117E-01
 0.70738E-01
 0.73461E-01
 0.76289E-01
 0.79228E-01
 0.82281E-01
 0.85454E-01
 0.88750E-01
 0.92175E-01
 0.95734E-01
 0.99434E-01
 0.10328E+00
 0.10728E+00
 0.11143E+00
 0.11575E+00
 0.12024E+00
 0.12492E+00
 0.12978E+00
 0.13483E+00
 0.14009E+00
 0.14557E+00
 0.15127E+00
 0.15721E+00
 0.16339E+00
 0.16983E+00
 0.17654E+00
 0.18354E+00
 0.19084E+00
 0.19846E+00
 0.20641E+00
 0.21472E+00
 0.22340E+00
 0.23248E+00
 0.24199E+00
 0.25195E+00
 0.26239E+00
 0.27335E+00
 0.28487E+00
 0.29700E+00
 0.30978E+00
 0.32329E+00
 0.33759E+00
 0.35276E+00
 0.36892E+00
 
 
 
 0.10000E-03
 0.10000E-03
 0.10377E-03
 0.10769E-03
 0.11175E-03
 0.11605E-03
 0.12052E-03
 0.12515E-03
 0.12996E-03
 0.13496E-03
 0.14015E-03
 0.14554E-03
 0.15114E-03
 0.15695E-03
 0.16299E-03
 0.16926E-03
 0.17577E-03
 0.18252E-03
 0.18954E-03
 0.19683E-03
 0.20440E-03
 0.21226E-03
 0.22043E-03
 0.22891E-03
 0.23771E-03
 0.24685E-03
 0.25634E-03
 0.26620E-03
 0.27644E-03
 0.28707E-03
 0.29811E-03
 0.30958E-03
 0.32148E-03
 0.33385E-03
 0.34668E-03
 0.36002E-03
 0.37386E-03
 0.38824E-03
 0.40317E-03
 0.41868E-03
 0.43478E-03
 0.45150E-03
 0.46886E-03
 0.48689E-03
 0.50562E-03
 0.52506E-03
 0.54525E-03
 0.56622E-03
 0.58800E-03
 0.61061E-03
 0.63409E-03
 0.65848E-03
 0.68380E-03
 0.71010E-03
 0.73740E-03
 0.76576E-03
 0.79521E-03
 0.82579E-03
 0.85755E-03
 0.89052E-03
 0.92477E-03
 0.96033E-03
 0.99726E-03
 0.10356E-02
 0.10754E-02
 0.11168E-02
 0.11597E-02
 0.12043E-02
 0.12506E-02
 0.12987E-02
 0.13487E-02
 0.14005E-02
 0.14544E-02
 0.15103E-02
 0.15684E-02
 0.16287E-02
 0.16913E-02
 0.17564E-02
 0.18239E-02
 0.18941E-02
 0.19669E-02
 0.20425E-02
 0.21211E-02
 0.22026E-02
 0.22873E-02
 0.23753E-02
 0.24666E-02
 0.25614E-02
 0.26599E-02
 0.27622E-02
 0.28684E-02
 0.29787E-02
 0.30932E-02
 0.32121E-02
 0.33356E-02
 0.34639E-02
 0.35971E-02
 0.37354E-02
 0.38790E-02
 0.40281E-02
 0.41830E-02
 0.43438E-02
 0.45108E-02
 0.46842E-02
 0.48643E-02
 0.50513E-02
 0.52455E-02
 0.54471E-02
 0.56565E-02
 0.58739E-02
 0.60997E-02
 0.63342E-02
 0.65777E-02
 0.68305E-02
 0.70931E-02
 0.73657E-02
 0.76488E-02
 0.79428E-02
 0.82481E-02
 0.85651E-02
 0.88943E-02
 0.92361E-02
 0.95910E-02
 0.99596E-02
 0.10342E-01
 0.10740E-01
 0.11153E-01
 0.11581E-01
 0.12026E-01
 0.12488E-01
 0.12968E-01
 0.13466E-01
 0.13984E-01
 0.14521E-01
 0.15079E-01
 0.15658E-01
 0.16260E-01
 0.16884E-01
 0.17533E-01
 0.18207E-01
 0.18906E-01
 0.19632E-01
 0.20386E-01
 0.21169E-01
 0.21982E-01
 0.22827E-01
 0.23704E-01
 0.24614E-01
 0.25559E-01
 0.26541E-01
 0.27560E-01
 0.28619E-01
 0.29718E-01
 0.30859E-01
 0.32044E-01
 0.33275E-01
 0.34553E-01
 0.35880E-01
 0.37258E-01
 0.38689E-01
 0.40175E-01
 0.41718E-01
 0.43320E-01
 0.44984E-01
 0.46713E-01
 0.48507E-01
 0.50371E-01
 0.52306E-01
 0.54317E-01
 0.56404E-01
 0.58573E-01
 0.60825E-01
 0.63164E-01
 0.65593E-01
 0.68117E-01
 0.70738E-01
 0.73461E-01
 0.76289E-01
 0.79228E-01
 0.82281E-01
 0.85454E-01
 0.88750E-01
 0.92175E-01
 0.95734E-01
 0.99434E-01
 0.10328E+00
 0.10728E+00
 0.11143E+00
 0.11575E+00
 0.12024E+00
 0.12492E+00
 0.12978E+00
 0.13483E+00
 0.14009E+00
 0.14557E+00
 0.15127E+00
 0.15721E+00
 0.16339E+00
 0.16983E+00
 0.17654E+00
 0.18354E+00
 0.19084E+00
 0.19846E+00
 0.20641E+00
 0.21472E+00
 0.22340E+00
 0.23248E+00
 0.24199E+00
 0.25195E+00
 0.26239E+00
 0.27335E+00
 0.28487E+00
 0.29700E+00
 0.30978E+00
 0.32329E+00
 0.33759E+00
 0.35276E+00
 0.36892E+00
 
 
 
 0.10000E-03
 0.10000E-03
 0.10377E-03
 0.10769E-03
 0.11175E-03
 0.11605E-03
 0.12052E-03
 0.12515E-03
 0.12996E-03
 0.13496E-03
 0.14015E-03
 0.14554E-03
 0.15114E-03
 0.15695E-03
 0.16299E-03
 0.16926E-03
 0.17577E-03
 0.18252E-03
 0.18954E-03
 0.19683E-03
 0.20440E-03
 0.21226E-03
 0.22043E-03
 0.22891E-03
 0.23771E-03
 0.24685E-03
 0.25634E-03
 0.26620E-03
 0.27644E-03
 0.28707E-03
 0.29811E-03
 0.30958E-03
 0.32148E-03
 0.33385E-03
 0.34668E-03
 0.36002E-03
 0.37386E-03
 0.38824E-03
 0.40317E-03
 0.41868E-03
 0.43478E-03
 0.45150E-03
 0.46886E-03
 0.48689E-03
 0.50562E-03
 0.52506E-03
 0.54525E-03
 0.56622E-03
 0.58800E-03
 0.61061E-03
 0.63409E-03
 0.65848E-03
 0.68380E-03
 0.71010E-03
 0.73740E-03
 0.76576E-03
 0.79521E-03
 0.82579E-03
 0.85755E-03
 0.89052E-03
 0.92477E-03
 0.96033E-03
 0.99726E-03
 0.10356E-02
 0.10754E-02
 0.11168E-02
 0.11597E-02
 0.12043E-02
 0.12506E-02
 0.12987E-02
 0.13487E-02
 0.14005E-02
 0.14544E-02
 0.15103E-02
 0.15684E-02
 0.16287E-02
 0.16913E-02
 0.17564E-02
 0.18239E-02
 0.18941E-02
 0.19669E-02
 0.20425E-02
 0.21211E-02
 0.22026E-02
 0.22873E-02
 0.23753E-02
 0.24666E-02
 0.25614E-02
 0.26599E-02
 0.27622E-02
 0.28684E-02
 0.29787E-02
 0.30932E-02
 0.32121E-02
 0.33356E-02
 0.34639E-02
 0.35971E-02
 0.37354E-02
 0.38790E-02
 0.40281E-02
 0.41830E-02
 0.43438E-02
 0.45108E-02
 0.46842E-02
 0.48643E-02
 0.50513E-02
 0.52455E-02
 0.54471E-02
 0.56565E-02
 0.58739E-02
 0.60997E-02
 0.63342E-02
 0.65777E-02
 0.68305E-02
 0.70931E-02
 0.73657E-02
 0.76488E-02
 0.79428E-02
 0.82481E-02
 0.85651E-02
 0.88943E-02
 0.92361E-02
 0.95910E-02
 0.99596E-02
 0.10342E-01
 0.10740E-01
 0.11153E-01
 0.11581E-01
 0.12026E-01
 0.12488E-01
 0.12968E-01
 0.13466E-01
 0.13984E-01
 0.14521E-01
 0.15079E-01
 0.15658E-01
 0.16260E-01
 0.16884E-01
 0.17533E-01
 0.18207E-01
 0.18906E-01
 0.19632E-01
 0.20386E-01
 0.21169E-01
 0.21982E-01
 0.22827E-01
 0.23704E-01
 0.24614E-01
 0.25559E-01
 0.26541E-01
 0.27560E-01
 0.28619E-01
 0.29718E-01
 0.30859E-01
 0.32044E-01
 0.33275E-01
 0.34553E-01
 0.35880E-01
 0.37258E-01
 0.38689E-01
 0.40175E-01
 0.41718E-01
 0.43320E-01
 0.44984E-01
 0.46713E-01
 0.48507E-01
 0.50371E-01
 0.52306E-01
 0.54317E-01
 0.56404E-01
 0.58573E-01
 0.60825E-01
 0.63164E-01
 0.65593E-01
 0.68117E-01
 0.70738E-01
 0.73461E-01
 0.76289E-01
 0.79228E-01
 0.82281E-01
 0.85454E-01
 0.88750E-01
 0.92175E-01
 0.95734E-01
 0.99434E-01
 0.10328E+00
 0.10728E+00
 0.11143E+00
 0.11575E+00
 0.12024E+00
 0.12492E+00
 0.12978E+00
 0.13483E+00
 0.14009E+00
 0.14557E+00
 0.15127E+00
 0.15721E+00
 0.16339E+00
 0.16983E+00
 0.17654E+00
 0.18354E+00
 0.19084E+00
 0.19846E+00
 0.20641E+00
 0.21472E+00
 0.22340E+00
 0.23248E+00
 0.24199E+00
 0.25195E+00
 0.26239E+00
 0.27335E+00
 0.28487E+00
 0.29700E+00
 0.30978E+00
 0.32329E+00
 0.33759E+00
 0.35276E+00
 0.36892E+00
 
 
 
 0.10000E-03 0.00000E+00 0.00000E+00 0.00000E+00 0.00000E+00 0.00000E+00
 0.10000E-03 0.00000E+00 0.00000E+00 0.00000E+00 0.00000E+00 0.00000E+00
 0.10377E-03 0.00000E+00 0.00000E+00 0.00000E+00 0.00000E+00 0.00000E+00
 0.10769E-03 0.00000E+00 0.00000E+00 0.00000E+00 0.00000E+00 0.00000E+00
 0.11175E-03 0.00000E+00 0.00000E+00 0.00000E+00 0.00000E+00 0.00000E+00
 0.11605E-03 0.19999E+01 0.00000E+00 0.00000E+00 0.00000E+00 0.00000E+00
 0.12052E-03 0.19999E+01 0.00000E+00 0.00000E+00 0.00000E+00 0.00000E+00
 0.12515E-03 0.19999E+01 0.00000E+00 0.00000E+00 0.00000E+00 0.00000E+00
 0.12996E-03 0.19999E+01 0.00000E+00 0.00000E+00 0.00000E+00 0.00000E+00
 0.13496E-03 0.19999E+01 0.00000E+00 0.00000E+00 0.00000E+00 0.00000E+00
 0.14015E-03 0.19999E+01 0.00000E+00 0.00000E+00 0.00000E+00 0.00000E+00
 0.14554E-03 0.19999E+01 0.00000E+00 0.00000E+00 0.00000E+00 0.00000E+00
 0.15114E-03 0.19999E+01 0.00000E+00 0.00000E+00 0.00000E+00 0.00000E+00
 0.15695E-03 0.19999E+01 0.00000E+00 0.00000E+00 0.00000E+00 0.00000E+00
 0.16299E-03 0.19999E+01 0.00000E+00 0.00000E+00 0.00000E+00 0.00000E+00
 0.16926E-03 0.19999E+01 0.00000E+00 0.00000E+00 0.00000E+00 0.00000E+00
 0.17577E-03 0.19999E+01 0.00000E+00 0.00000E+00 0.00000E+00 0.00000E+00
 0.18252E-03 0.19999E+01 0.00000E+00 0.00000E+00 0.00000E+00 0.00000E+00
 0.18954E-03 0.19999E+01 0.00000E+00 0.00000E+00 0.00000E+00 0.00000E+00
 0.19683E-03 0.19999E+01 0.00000E+00 0.00000E+00 0.00000E+00 0.00000E+00
 0.20440E-03 0.19999E+01 0.00000E+00 0.00000E+00 0.00000E+00 0.00000E+00
 0.21226E-03 0.19999E+01 0.00000E+00 0.00000E+00 0.00000E+00 0.00000E+00
 0.22043E-03 0.19999E+01 0.00000E+00 0.00000E+00 0.00000E+00 0.00000E+00
 0.22891E-03 0.19999E+01 0.00000E+00 0.00000E+00 0.00000E+00 0.00000E+00
 0.23771E-03 0.19999E+01 0.00000E+00 0.00000E+00 0.00000E+00 0.00000E+00
 0.24685E-03 0.19999E+01 0.00000E+00 0.00000E+00 0.00000E+00 0.00000E+00
 0.25634E-03 0.19999E+01 0.00000E+00 0.00000E+00 0.00000E+00 0.00000E+00
 0.26620E-03 0.19999E+01 0.00000E+00 0.00000E+00 0.00000E+00 0.00000E+00
 0.27644E-03 0.19999E+01 0.00000E+00 0.00000E+00 0.00000E+00 0.00000E+00
 0.28707E-03 0.19999E+01 0.00000E+00 0.00000E+00 0.00000E+00 0.00000E+00
 0.29811E-03 0.19999E+01 0.00000E+00 0.00000E+00 0.00000E+00 0.00000E+00
 0.30958E-03 0.19999E+01 0.00000E+00 0.00000E+00 0.00000E+00 0.00000E+00
 0.32148E-03 0.19999E+01 0.00000E+00 0.00000E+00 0.00000E+00 0.00000E+00
 0.33385E-03 0.19999E+01 0.00000E+00 0.00000E+00 0.00000E+00 0.00000E+00
 0.34668E-03 0.19999E+01 0.00000E+00 0.00000E+00 0.00000E+00 0.00000E+00
 0.36002E-03 0.19999E+01 0.00000E+00 0.00000E+00 0.00000E+00 0.00000E+00
 0.37386E-03 0.19999E+01 0.00000E+00 0.00000E+00 0.00000E+00 0.00000E+00
 0.38824E-03 0.19999E+01 0.00000E+00 0.00000E+00 0.00000E+00 0.00000E+00
 0.40317E-03 0.19999E+01 0.00000E+00 0.00000E+00 0.00000E+00 0.00000E+00
 0.41868E-03 0.19999E+01 0.00000E+00 0.00000E+00 0.00000E+00 0.00000E+00
 0.43478E-03 0.19999E+01 0.00000E+00 0.00000E+00 0.00000E+00 0.00000E+00
 0.45150E-03 0.19999E+01 0.00000E+00 0.00000E+00 0.00000E+00 0.00000E+00
 0.46886E-03 0.19999E+01 0.00000E+00 0.00000E+00 0.00000E+00 0.00000E+00
 0.48689E-03 0.19999E+01 0.00000E+00 0.00000E+00 0.00000E+00 0.00000E+00
 0.50562E-03 0.19999E+01 0.00000E+00 0.00000E+00 0.00000E+00 0.00000E+00
 0.52506E-03 0.19999E+01 0.00000E+00 0.00000E+00 0.00000E+00 0.00000E+00
 0.54525E-03 0.19999E+01 0.00000E+00 0.00000E+00 0.00000E+00 0.00000E+00
 0.56622E-03 0.19999E+01 0.00000E+00 0.00000E+00 0.00000E+00 0.00000E+00
 0.58800E-03 0.19999E+01 0.00000E+00 0.00000E+00 0.00000E+00 0.00000E+00
 0.61061E-03 0.19999E+01 0.00000E+00 0.00000E+00 0.00000E+00 0.00000E+00
 0.63409E-03 0.19999E+01 0.00000E+00 0.00000E+00 0.00000E+00 0.00000E+00
 0.65848E-03 0.19998E+01 0.00000E+00 0.00000E+00 0.00000E+00 0.00000E+00
 0.68380E-03 0.19998E+01 0.00000E+00 0.00000E+00 0.00000E+00 0.00000E+00
 0.71010E-03 0.19998E+01 0.00000E+00 0.00000E+00 0.00000E+00 0.00000E+00
 0.73740E-03 0.19998E+01 0.00000E+00 0.00000E+00 0.00000E+00 0.00000E+00
 0.76576E-03 0.19998E+01 0.00000E+00 0.00000E+00 0.00000E+00 0.00000E+00
 0.79521E-03 0.19998E+01 0.00000E+00 0.00000E+00 0.00000E+00 0.00000E+00
 0.82579E-03 0.19998E+01 0.00000E+00 0.00000E+00 0.00000E+00 0.00000E+00
 0.85755E-03 0.19998E+01 0.00000E+00 0.00000E+00 0.00000E+00 0.00000E+00
 0.89052E-03 0.19998E+01 0.00000E+00 0.00000E+00 0.00000E+00 0.00000E+00
 0.92477E-03 0.19998E+01 0.00000E+00 0.00000E+00 0.00000E+00 0.00000E+00
 0.96033E-03 0.19998E+01 0.00000E+00 0.00000E+00 0.00000E+00 0.00000E+00
 0.99726E-03 0.19998E+01 0.00000E+00 0.00000E+00 0.00000E+00 0.00000E+00
 0.10356E-02 0.19998E+01 0.00000E+00 0.00000E+00 0.00000E+00 0.00000E+00
 0.10754E-02 0.19998E+01 0.00000E+00 0.00000E+00 0.00000E+00 0.00000E+00
 0.11168E-02 0.19998E+01 0.00000E+00 0.00000E+00 0.00000E+00 0.00000E+00
 0.11597E-02 0.19997E+01 0.00000E+00 0.00000E+00 0.00000E+00 0.00000E+00
 0.12043E-02 0.19997E+01 0.00000E+00 0.00000E+00 0.00000E+00 0.00000E+00
 0.12506E-02 0.19997E+01 0.00000E+00 0.00000E+00 0.00000E+00 0.00000E+00
 0.12987E-02 0.19997E+01 0.00000E+00 0.00000E+00 0.00000E+00 0.00000E+00
 0.13487E-02 0.19997E+01 0.00000E+00 0.00000E+00 0.00000E+00 0.00000E+00
 0.14005E-02 0.19997E+01 0.00000E+00 0.00000E+00 0.00000E+00 0.00000E+00
 0.14544E-02 0.19997E+01 0.00000E+00 0.00000E+00 0.00000E+00 0.00000E+00
 0.15103E-02 0.19997E+01 0.00000E+00 0.00000E+00 0.00000E+00 0.00000E+00
 0.15684E-02 0.19997E+01 0.00000E+00 0.00000E+00 0.00000E+00 0.00000E+00
 0.16287E-02 0.19996E+01 0.00000E+00 0.00000E+00 0.00000E+00 0.00000E+00
 0.16913E-02 0.19996E+01 0.00000E+00 0.00000E+00 0.00000E+00 0.00000E+00
 0.17564E-02 0.19996E+01 0.00000E+00 0.00000E+00 0.00000E+00 0.00000E+00
 0.18239E-02 0.19996E+01 0.00000E+00 0.00000E+00 0.00000E+00 0.00000E+00
 0.18941E-02 0.19996E+01 0.00000E+00 0.00000E+00 0.00000E+00 0.00000E+00
 0.19669E-02 0.19996E+01 0.00000E+00 0.00000E+00 0.00000E+00 0.00000E+00
 0.20425E-02 0.19996E+01 0.00000E+00 0.00000E+00 0.00000E+00 0.00000E+00
 0.21211E-02 0.19996E+01 0.00000E+00 0.00000E+00 0.00000E+00 0.00000E+00
 0.22026E-02 0.19995E+01 0.00000E+00 0.00000E+00 0.00000E+00 0.00000E+00
 0.22873E-02 0.19995E+01 0.00000E+00 0.00000E+00 0.00000E+00 0.00000E+00
 0.23753E-02 0.19995E+01 0.00000E+00 0.00000E+00 0.00000E+00 0.00000E+00
 0.24666E-02 0.19995E+01 0.00000E+00 0.00000E+00 0.00000E+00 0.00000E+00
 0.25614E-02 0.19995E+01 0.00000E+00 0.00000E+00 0.00000E+00 0.00000E+00
 0.26599E-02 0.19995E+01 0.00000E+00 0.00000E+00 0.00000E+00 0.00000E+00
 0.27622E-02 0.19994E+01 0.00000E+00 0.00000E+00 0.00000E+00 0.00000E+00
 0.28684E-02 0.19994E+01 0.00000E+00 0.00000E+00 0.00000E+00 0.00000E+00
 0.29787E-02 0.19994E+01 0.00000E+00 0.00000E+00 0.00000E+00 0.00000E+00
 0.30932E-02 0.19994E+01 0.00000E+00 0.00000E+00 0.00000E+00 0.00000E+00
 0.32121E-02 0.19994E+01 0.00000E+00 0.00000E+00 0.00000E+00 0.00000E+00
 0.33356E-02 0.19993E+01 0.00000E+00 0.00000E+00 0.00000E+00 0.00000E+00
 0.34639E-02 0.19993E+01 0.00000E+00 0.00000E+00 0.00000E+00 0.00000E+00
 0.35971E-02 0.19993E+01 0.00000E+00 0.00000E+00 0.00000E+00 0.00000E+00
 0.37354E-02 0.19993E+01 0.00000E+00 0.00000E+00 0.00000E+00 0.00000E+00
 0.38790E-02 0.19993E+01 0.00000E+00 0.00000E+00 0.00000E+00 0.00000E+00
 0.40281E-02 0.19992E+01 0.00000E+00 0.00000E+00 0.00000E+00 0.00000E+00
 0.41830E-02 0.19992E+01 0.00000E+00 0.00000E+00 0.00000E+00 0.00000E+00
 0.43438E-02 0.19992E+01 0.00000E+00 0.00000E+00 0.00000E+00 0.00000E+00
 0.45108E-02 0.19992E+01 0.00000E+00 0.00000E+00 0.00000E+00 0.00000E+00
 0.46842E-02 0.19992E+01 0.00000E+00 0.00000E+00 0.00000E+00 0.00000E+00
 0.48643E-02 0.19991E+01 0.00000E+00 0.00000E+00 0.00000E+00 0.00000E+00
 0.50513E-02 0.19991E+01 0.00000E+00 0.00000E+00 0.00000E+00 0.00000E+00
 0.52455E-02 0.19991E+01 0.00000E+00 0.00000E+00 0.00000E+00 0.00000E+00
 0.54471E-02 0.19991E+01 0.00000E+00 0.00000E+00 0.00000E+00 0.00000E+00
 0.56565E-02 0.19991E+01 0.00000E+00 0.00000E+00 0.00000E+00 0.00000E+00
 0.58739E-02 0.19990E+01 0.00000E+00 0.00000E+00 0.00000E+00 0.00000E+00
 0.60997E-02 0.19990E+01 0.00000E+00 0.00000E+00 0.00000E+00 0.00000E+00
 0.63342E-02 0.19990E+01 0.00000E+00 0.00000E+00 0.00000E+00 0.00000E+00
 0.65777E-02 0.19990E+01 0.00000E+00 0.00000E+00 0.00000E+00 0.00000E+00
 0.68305E-02 0.19989E+01 0.00000E+00 0.00000E+00 0.00000E+00 0.00000E+00
 0.70931E-02 0.19989E+01 0.00000E+00 0.00000E+00 0.00000E+00 0.00000E+00
 0.73657E-02 0.19989E+01 0.00000E+00 0.00000E+00 0.00000E+00 0.00000E+00
 0.76488E-02 0.19989E+01 0.00000E+00 0.00000E+00 0.00000E+00 0.00000E+00
 0.79428E-02 0.19989E+01 0.00000E+00 0.00000E+00 0.00000E+00 0.00000E+00
 0.82481E-02 0.19989E+01 0.00000E+00 0.00000E+00 0.00000E+00 0.00000E+00
 0.85651E-02 0.19989E+01 0.00000E+00 0.00000E+00 0.00000E+00 0.00000E+00
 0.88943E-02 0.19989E+01 0.00000E+00 0.00000E+00 0.00000E+00 0.00000E+00
 0.92361E-02 0.19988E+01 0.00000E+00 0.00000E+00 0.00000E+00 0.00000E+00
 0.95910E-02 0.19988E+01 0.00000E+00 0.00000E+00 0.00000E+00 0.00000E+00
 0.99596E-02 0.19988E+01 0.00000E+00 0.00000E+00 0.00000E+00 0.00000E+00
 0.10342E-01 0.19988E+01 0.00000E+00 0.00000E+00 0.00000E+00 0.00000E+00
 0.10740E-01 0.19989E+01 0.00000E+00 0.00000E+00 0.00000E+00 0.00000E+00
 0.11153E-01 0.19989E+01 0.00000E+00 0.00000E+00 0.00000E+00 0.00000E+00
 0.11581E-01 0.19989E+01 0.00000E+00 0.00000E+00 0.00000E+00 0.00000E+00
 0.12026E-01 0.19989E+01 0.00000E+00 0.00000E+00 0.00000E+00 0.00000E+00
 0.12488E-01 0.19989E+01 0.00000E+00 0.00000E+00 0.00000E+00 0.00000E+00
 0.12968E-01 0.19990E+01 0.00000E+00 0.00000E+00 0.00000E+00 0.00000E+00
 0.13466E-01 0.19990E+01 0.00000E+00 0.00000E+00 0.00000E+00 0.00000E+00
 0.13984E-01 0.19991E+01 0.00000E+00 0.00000E+00 0.00000E+00 0.00000E+00
 0.14521E-01 0.19991E+01 0.00000E+00 0.00000E+00 0.00000E+00 0.00000E+00
 0.15079E-01 0.19992E+01 0.00000E+00 0.00000E+00 0.00000E+00 0.00000E+00
 0.15658E-01 0.19993E+01 0.00000E+00 0.00000E+00 0.00000E+00 0.00000E+00
 0.16260E-01 0.19993E+01 0.00000E+00 0.00000E+00 0.00000E+00 0.00000E+00
 0.16884E-01 0.19995E+01 0.00000E+00 0.00000E+00 0.00000E+00 0.00000E+00
 0.17533E-01 0.19996E+01 0.00000E+00 0.00000E+00 0.00000E+00 0.00000E+00
 0.18207E-01 0.19997E+01 0.00000E+00 0.00000E+00 0.00000E+00 0.00000E+00
 0.18906E-01 0.19998E+01 0.00000E+00 0.00000E+00 0.00000E+00 0.00000E+00
 0.19632E-01 0.20000E+01 0.00000E+00 0.00000E+00 0.00000E+00 0.00000E+00
 0.20386E-01 0.20002E+01 0.00000E+00 0.00000E+00 0.00000E+00 0.00000E+00
 0.21169E-01 0.20004E+01 0.00000E+00 0.00000E+00 0.00000E+00 0.00000E+00
 0.21982E-01 0.20006E+01 0.00000E+00 0.00000E+00 0.00000E+00 0.00000E+00
 0.22827E-01 0.20009E+01 0.00000E+00 0.00000E+00 0.00000E+00 0.00000E+00
 0.23704E-01 0.20012E+01 0.00000E+00 0.00000E+00 0.00000E+00 0.00000E+00
 0.24614E-01 0.20015E+01 0.00000E+00 0.00000E+00 0.00000E+00 0.00000E+00
 0.25559E-01 0.20018E+01 0.00000E+00 0.00000E+00 0.00000E+00 0.00000E+00
 0.26541E-01 0.20022E+01 0.00000E+00 0.00000E+00 0.00000E+00 0.00000E+00
 0.27560E-01 0.20026E+01 0.00000E+00 0.00000E+00 0.00000E+00 0.00000E+00
 0.28619E-01 0.20031E+01 0.00000E+00 0.00000E+00 0.00000E+00 0.00000E+00
 0.29718E-01 0.20036E+01 0.00000E+00 0.00000E+00 0.00000E+00 0.00000E+00
 0.30859E-01 0.20042E+01 0.00000E+00 0.00000E+00 0.00000E+00 0.00000E+00
 0.32044E-01 0.20048E+01 0.00000E+00 0.00000E+00 0.00000E+00 0.00000E+00
 0.33275E-01 0.20055E+01 0.00000E+00 0.00000E+00 0.00000E+00 0.00000E+00
 0.34553E-01 0.20062E+01 0.00000E+00 0.00000E+00 0.00000E+00 0.00000E+00
 0.35880E-01 0.20070E+01 0.00000E+00 0.00000E+00 0.00000E+00 0.00000E+00
 0.37258E-01 0.20079E+01 0.00000E+00 0.00000E+00 0.00000E+00 0.00000E+00
 0.38689E-01 0.20089E+01 0.00000E+00 0.00000E+00 0.00000E+00 0.00000E+00
 0.40175E-01 0.20099E+01 0.00000E+00 0.00000E+00 0.00000E+00 0.00000E+00
 0.41718E-01 0.20111E+01 0.00000E+00 0.00000E+00 0.00000E+00 0.00000E+00
 0.43320E-01 0.20124E+01 0.00000E+00 0.00000E+00 0.00000E+00 0.00000E+00
 0.44984E-01 0.20137E+01 0.00000E+00 0.00000E+00 0.00000E+00 0.00000E+00
 0.46713E-01 0.20152E+01 0.00000E+00 0.00000E+00 0.00000E+00 0.00000E+00
 0.48507E-01 0.20169E+01 0.00000E+00 0.00000E+00 0.00000E+00 0.00000E+00
 0.50371E-01 0.20187E+01 0.00000E+00 0.00000E+00 0.00000E+00 0.00000E+00
 0.52306E-01 0.20206E+01 0.00000E+00 0.00000E+00 0.00000E+00 0.00000E+00
 0.54317E-01 0.20227E+01 0.00000E+00 0.00000E+00 0.00000E+00 0.00000E+00
 0.56404E-01 0.20250E+01 0.00000E+00 0.00000E+00 0.00000E+00 0.00000E+00
 0.58573E-01 0.20275E+01 0.00000E+00 0.00000E+00 0.00000E+00 0.00000E+00
 0.60825E-01 0.20302E+01 0.00000E+00 0.00000E+00 0.00000E+00 0.00000E+00
 0.63164E-01 0.20332E+01 0.00000E+00 0.00000E+00 0.00000E+00 0.00000E+00
 0.65593E-01 0.20364E+01 0.00000E+00 0.00000E+00 0.00000E+00 0.00000E+00
 0.68117E-01 0.20399E+01 0.00000E+00 0.00000E+00 0.00000E+00 0.00000E+00
 0.70738E-01 0.20437E+01 0.00000E+00 0.00000E+00 0.00000E+00 0.00000E+00
 0.73461E-01 0.20479E+01 0.00000E+00 0.00000E+00 0.00000E+00 0.00000E+00
 0.76289E-01 0.20524E+01 0.00000E+00 0.00000E+00 0.00000E+00 0.00000E+00
 0.79228E-01 0.20573E+01 0.00000E+00 0.00000E+00 0.00000E+00 0.00000E+00
 0.82281E-01 0.20627E+01 0.00000E+00 0.00000E+00 0.00000E+00 0.00000E+00
 0.85454E-01 0.20685E+01 0.00000E+00 0.00000E+00 0.00000E+00 0.00000E+00
 0.88750E-01 0.20748E+01 0.00000E+00 0.00000E+00 0.00000E+00 0.00000E+00
 0.92175E-01 0.20817E+01 0.00000E+00 0.00000E+00 0.00000E+00 0.00000E+00
 0.95734E-01 0.20891E+01 0.00000E+00 0.00000E+00 0.00000E+00 0.00000E+00
 0.99434E-01 0.20973E+01 0.00000E+00 0.00000E+00 0.00000E+00 0.00000E+00
 0.10328E+00 0.21062E+01 0.00000E+00 0.00000E+00 0.00000E+00 0.00000E+00
 0.10728E+00 0.21159E+01 0.00000E+00 0.00000E+00 0.00000E+00 0.00000E+00
 0.11143E+00 0.21264E+01 0.00000E+00 0.00000E+00 0.00000E+00 0.00000E+00
 0.11575E+00 0.21379E+01 0.00000E+00 0.00000E+00 0.00000E+00 0.00000E+00
 0.12024E+00 0.21505E+01 0.00000E+00 0.00000E+00 0.00000E+00 0.00000E+00
 0.12492E+00 0.21642E+01 0.00000E+00 0.00000E+00 0.00000E+00 0.00000E+00
 0.12978E+00 0.21793E+01 0.00000E+00 0.00000E+00 0.00000E+00 0.00000E+00
 0.13483E+00 0.21957E+01 0.00000E+00 0.00000E+00 0.00000E+00 0.00000E+00
 0.14009E+00 0.22137E+01 0.00000E+00 0.00000E+00 0.00000E+00 0.00000E+00
 0.14557E+00 0.22334E+01 0.00000E+00 0.00000E+00 0.00000E+00 0.00000E+00
 0.15127E+00 0.22551E+01 0.00000E+00 0.00000E+00 0.00000E+00 0.00000E+00
 0.15721E+00 0.22790E+01 0.00000E+00 0.00000E+00 0.00000E+00 0.00000E+00
 0.16339E+00 0.23052E+01 0.00000E+00 0.00000E+00 0.00000E+00 0.00000E+00
 0.16983E+00 0.23342E+01 0.00000E+00 0.00000E+00 0.00000E+00 0.00000E+00
 0.17654E+00 0.23662E+01 0.00000E+00 0.00000E+00 0.00000E+00 0.00000E+00
 0.18354E+00 0.24017E+01 0.00000E+00 0.00000E+00 0.00000E+00 0.00000E+00
 0.19084E+00 0.24410E+01 0.00000E+00 0.00000E+00 0.00000E+00 0.00000E+00
 0.19846E+00 0.24848E+01 0.00000E+00 0.00000E+00 0.00000E+00 0.00000E+00
 0.20641E+00 0.25337E+01 0.00000E+00 0.00000E+00 0.00000E+00 0.00000E+00
 0.21472E+00 0.25885E+01 0.00000E+00 0.00000E+00 0.00000E+00 0.00000E+00
 0.22340E+00 0.26500E+01 0.00000E+00 0.00000E+00 0.00000E+00 0.00000E+00
 0.23248E+00 0.27193E+01 0.00000E+00 0.00000E+00 0.00000E+00 0.00000E+00
 0.24199E+00 0.27979E+01 0.00000E+00 0.00000E+00 0.00000E+00 0.00000E+00
 0.25195E+00 0.28875E+01 0.00000E+00 0.00000E+00 0.00000E+00 0.00000E+00
 0.26239E+00 0.29900E+01 0.00000E+00 0.00000E+00 0.00000E+00 0.00000E+00
 0.27335E+00 0.31081E+01 0.00000E+00 0.00000E+00 0.00000E+00 0.00000E+00
 0.28487E+00 0.32453E+01 0.00000E+00 0.00000E+00 0.00000E+00 0.00000E+00
 0.29700E+00 0.34060E+01 0.00000E+00 0.00000E+00 0.00000E+00 0.00000E+00
 0.30978E+00 0.35959E+01 0.00000E+00 0.00000E+00 0.00000E+00 0.00000E+00
 0.32329E+00 0.38229E+01 0.00000E+00 0.00000E+00 0.00000E+00 0.00000E+00
 0.33759E+00 0.40980E+01 0.00000E+00 0.00000E+00 0.00000E+00 0.00000E+00
 0.35276E+00 0.44363E+01 0.00000E+00 0.00000E+00 0.00000E+00 0.00000E+00
 0.36892E+00 0.48601E+01 0.00000E+00 0.00000E+00 0.00000E+00 0.00000E+00
 
 
 
