 
 PROGRAM ACPGF6                              DATE= 0/ 0/   0  TIME= 0: 0: 0. 0
 Object number    1
 Accumulated proj. area        (visible)
 0.200E+18 0.478E+18 0.800E+19 0.135E+20 0.190E+20 0.246E+20 0.302E+20 0.358E+20
 0.414E+20 0.470E+20 0.526E+20 0.582E+20 0.638E+20 0.694E+20 0.750E+20 0.806E+20
 0.861E+20 0.917E+20 0.973E+20 0.103E+21 0.109E+21 0.114E+21 0.120E+21 0.125E+21
 0.131E+21 0.136E+21 0.142E+21 0.148E+21 0.153E+21 0.159E+21 0.164E+21 0.170E+21
 0.176E+21 0.181E+21 0.187E+21 0.192E+21 0.198E+21 0.204E+21 0.209E+21 0.215E+21
 0.220E+21 0.226E+21 0.232E+21 0.237E+21 0.000E+00
 Accumulated projected area (eclipsed)
 0.000E+00 0.000E+00 0.000E+00 0.000E+00 0.000E+00 0.000E+00 0.000E+00 0.000E+00
 0.000E+00 0.000E+00 0.000E+00 0.000E+00 0.000E+00 0.000E+00 0.000E+00 0.000E+00
 0.000E+00 0.000E+00 0.000E+00 0.000E+00 0.000E+00 0.000E+00 0.000E+00 0.000E+00
 0.000E+00 0.000E+00 0.000E+00 0.000E+00 0.000E+00 0.000E+00 0.000E+00 0.000E+00
 0.000E+00 0.000E+00 0.000E+00 0.000E+00 0.000E+00 0.000E+00 0.000E+00 0.000E+00
 0.000E+00 0.000E+00 0.000E+00 0.000E+00 0.000E+00
 Total visible projected area 0.51452E+22
 Total eclipsed area 0.00000E+00
 Total projected area 0.51452E+22
 Object number    2
 Accumulated proj. area        (visible)
 0.152E+20 0.152E+20 0.152E+20 0.152E+20 0.152E+20 0.152E+20 0.152E+20 0.152E+20
 0.000E+00
 Accumulated projected area (eclipsed)
 0.181E+17 0.181E+17 0.181E+17 0.181E+17 0.181E+17 0.181E+17 0.181E+17 0.000E+00
 0.000E+00
 Total visible projected area 0.12177E+21
 Total eclipsed area 0.12679E+18
 Total projected area 0.12189E+21
 Object number    3
 Accumulated proj. area        (visible)
 0.000E+00 0.000E+00 0.000E+00 0.000E+00 0.000E+00 0.000E+00 0.000E+00 0.000E+00
 0.000E+00 0.000E+00 0.000E+00 0.000E+00 0.000E+00 0.000E+00 0.000E+00 0.000E+00
 0.000E+00 0.000E+00 0.000E+00 0.000E+00 0.000E+00 0.000E+00 0.000E+00 0.000E+00
 0.000E+00 0.401E+17 0.454E+17 0.505E+17 0.554E+17 0.601E+17 0.645E+17 0.685E+17
 0.722E+17 0.758E+17 0.795E+17 0.819E+17 0.829E+17 0.826E+17 0.808E+17 0.778E+17
 0.735E+17 0.679E+17 0.612E+17 0.536E+17 0.450E+17 0.358E+17 0.259E+17 0.157E+17
 0.000E+00
 Accumulated projected area (eclipsed)
 0.000E+00 0.000E+00 0.000E+00 0.000E+00 0.000E+00 0.000E+00 0.000E+00 0.000E+00
 0.000E+00 0.000E+00 0.000E+00 0.000E+00 0.000E+00 0.000E+00 0.000E+00 0.170E+14
 0.133E+16 0.368E+16 0.674E+16 0.104E+17 0.147E+17 0.193E+17 0.243E+17 0.295E+17
 0.348E+17 0.000E+00 0.000E+00 0.000E+00 0.000E+00 0.000E+00 0.000E+00 0.000E+00
 0.000E+00 0.000E+00 0.000E+00 0.000E+00 0.000E+00 0.000E+00 0.000E+00 0.000E+00
 0.000E+00 0.000E+00 0.000E+00 0.000E+00 0.000E+00 0.000E+00 0.000E+00 0.000E+00
 0.000E+00
 Total visible projected area 0.13966E+19
 Total eclipsed area 0.14481E+18
 Total projected area 0.15414E+19
 Object number    4
 Accumulated proj. area        (visible)
 0.000E+00 0.000E+00 0.000E+00 0.000E+00 0.000E+00 0.000E+00 0.000E+00 0.000E+00
 0.000E+00 0.000E+00 0.000E+00 0.000E+00 0.000E+00 0.000E+00 0.000E+00 0.000E+00
 0.150E+19 0.994E+19 0.233E+20 0.410E+20 0.627E+20 0.884E+20 0.118E+21 0.153E+21
 0.196E+21 0.242E+21 0.277E+21 0.306E+21 0.331E+21 0.352E+21 0.369E+21 0.383E+21
 0.394E+21 0.405E+21 0.411E+21 0.411E+21 0.404E+21 0.392E+21 0.375E+21 0.353E+21
 0.326E+21 0.297E+21 0.263E+21 0.227E+21 0.189E+21 0.149E+21 0.107E+21 0.648E+20
 0.000E+00
 Accumulated projected area (eclipsed)
 0.000E+00 0.000E+00 0.000E+00 0.000E+00 0.000E+00 0.000E+00 0.000E+00 0.000E+00
 0.000E+00 0.000E+00 0.000E+00 0.000E+00 0.000E+00 0.000E+00 0.000E+00 0.000E+00
 0.000E+00 0.000E+00 0.000E+00 0.000E+00 0.000E+00 0.000E+00 0.000E+00 0.000E+00
 0.000E+00 0.000E+00 0.000E+00 0.000E+00 0.000E+00 0.000E+00 0.000E+00 0.000E+00
 0.000E+00 0.000E+00 0.000E+00 0.000E+00 0.000E+00 0.000E+00 0.000E+00 0.000E+00
 0.000E+00 0.000E+00 0.000E+00 0.000E+00 0.000E+00 0.000E+00 0.000E+00 0.000E+00
 0.000E+00
 Total visible projected area 0.77225E+22
 Total eclipsed area 0.00000E+00
 Total projected area 0.77225E+22
 Program running time=************  minutes
