 PHSP,OBSL,...(new ref.)                                                 
    1 -0.00889000  5.00000000     0.8381589D+00     0.1000000D+01
    2 -0.00866000  5.00000000     0.8358760D+00     0.1000000D+01
    3 -0.00843000  5.00000000     0.8336018D+00     0.1000000D+01
    4 -0.00828000  5.00000000     0.8321232D+00     0.1000000D+01
    5 -0.00804000  5.00000000     0.8297652D+00     0.1000000D+01
    6 -0.00785000  5.00000000     0.8279052D+00     0.1000000D+01
    7 -0.00762000  5.00000000     0.8256615D+00     0.1000000D+01
    8 -0.00743000  5.00000000     0.8238147D+00     0.1000000D+01
    9 -0.00723000  5.00000000     0.8218769D+00     0.1000000D+01
   10 -0.00700000  5.00000000     0.8196567D+00     0.1000000D+01
   11 -0.00677000  5.00000000     0.8174451D+00     0.1000000D+01
   12 -0.00662000  5.00000000     0.8160075D+00     0.1000000D+01
   13 -0.00639000  5.00000000     0.8138102D+00     0.1000000D+01
   14 -0.00619000  5.00000000     0.8119768D+00     0.1000000D+01
   15 -0.00600000  5.00000000     0.8102577D+00     0.1000000D+01
   16 -0.00581000  5.00000000     0.8085575D+00     0.1000000D+01
   17 -0.00561000  5.00000000     0.8067890D+00     0.1000000D+01
   18 -0.00542000  5.00000000     0.8051299D+00     0.1000000D+01
   19 -0.00527000  5.00000000     0.8038349D+00     0.1000000D+01
   20 -0.00504000  5.00000000     0.8020643D+00     0.1000000D+01
   21 -0.00484000  5.00000000     0.8004005D+00     0.1000000D+01
   22 -0.00465000  5.00000000     0.7988379D+00     0.1000000D+01
   23 -0.00442000  5.00000000     0.7969699D+00     0.1000000D+01
   24 -0.00419000  5.00000000     0.7951275D+00     0.1000000D+01
   25  0.22164000  5.00000000     0.9999959D+00     0.1000000D+01
   26  0.22187000  5.00000000     0.9999969D+00     0.1000000D+01
   27  0.22206000  5.00000000     0.9999979D+00     0.1000000D+01
   28  0.22225000  5.00000000     0.9999979D+00     0.1000000D+01
   29  0.22245000  5.00000000     0.9999979D+00     0.1000000D+01
   30  0.22264000  5.00000000     0.9999979D+00     0.1000000D+01
   31  0.22291000  5.00000000     0.9999979D+00     0.1000000D+01
   32  0.22310000  5.00000000     0.9999979D+00     0.1000000D+01
   33  0.22333000  5.00000000     0.9999979D+00     0.1000000D+01
   34  0.22349000  5.00000000     0.9999979D+00     0.1000000D+01
   35  0.22372000  5.00000000     0.9999979D+00     0.1000000D+01
   36  0.22391000  5.00000000     0.9999979D+00     0.1000000D+01
   37  0.22410000  5.00000000     0.9999979D+00     0.1000000D+01
   38  0.22430000  5.00000000     0.9999979D+00     0.1000000D+01
   39  0.22453000  5.00000000     0.9999979D+00     0.1000000D+01
   40  0.22472000  5.00000000     0.9999979D+00     0.1000000D+01
   41  0.22495000  5.00000000     0.9999979D+00     0.1000000D+01
   42  0.22518000  5.00000000     0.9999989D+00     0.1000000D+01
   43  0.22534000  5.00000000     0.9999989D+00     0.1000000D+01
   44  0.22553000  5.00000000     0.9999989D+00     0.1000000D+01
   45  0.33692000  5.00000000     0.9994553D+00     0.1000000D+01
   46  0.33715000  5.00000000     0.9994534D+00     0.1000000D+01
   47  0.33742000  5.00000000     0.9994505D+00     0.1000000D+01
   48  0.33762000  5.00000000     0.9994495D+00     0.1000000D+01
   49  0.33781000  5.00000000     0.9994475D+00     0.1000000D+01
   50  0.33804000  5.00000000     0.9994456D+00     0.1000000D+01
   51  0.41604000  5.00000000     0.9985709D+00     0.1000000D+01
   52  0.41631000  5.00000000     0.9985670D+00     0.1000000D+01
   53  0.41650000  5.00000000     0.9985650D+00     0.1000000D+01
   54  0.41674000  5.00000000     0.9985621D+00     0.1000000D+01
   55  0.41693000  5.00000000     0.9985601D+00     0.1000000D+01
   56  0.41712000  5.00000000     0.9985582D+00     0.1000000D+01
   57  0.41735000  5.00000000     0.9985553D+00     0.1000000D+01
   58  0.41758000  5.00000000     0.9985533D+00     0.1000000D+01
   59  0.41781000  5.00000000     0.9985504D+00     0.1000000D+01
   60  0.41808000  5.00000000     0.9985475D+00     0.1000000D+01
   61  0.41828000  5.00000000     0.9985446D+00     0.1000000D+01
   62  0.41851000  5.00000000     0.9985426D+00     0.1000000D+01
   63  0.41874000  5.00000000     0.9985407D+00     0.1000000D+01
   64  0.41893000  5.00000000     0.9985387D+00     0.1000000D+01
   65  0.41913000  5.00000000     0.9985368D+00     0.1000000D+01
   66  0.41936000  5.00000000     0.9985348D+00     0.1000000D+01
   67  0.41959000  5.00000000     0.9985329D+00     0.1000000D+01
   68  0.41978000  5.00000000     0.9985309D+00     0.1000000D+01
   69  0.42005000  5.00000000     0.9985290D+00     0.1000000D+01
   70  0.42028000  5.00000000     0.9985270D+00     0.1000000D+01
   71  0.42048000  5.00000000     0.9985251D+00     0.1000000D+01
   72  0.42071000  5.00000000     0.9985231D+00     0.1000000D+01
   73  0.42098000  5.00000000     0.9985202D+00     0.1000000D+01
   74  0.42121000  5.00000000     0.9985183D+00     0.1000000D+01
   75  0.42148000  5.00000000     0.9985163D+00     0.1000000D+01
   76  0.44935000  5.00000000     0.9983312D+00     0.1000000D+01
   77  0.44962000  5.00000000     0.9983293D+00     0.1000000D+01
   78  0.44986000  5.00000000     0.9983273D+00     0.1000000D+01
   79  0.45009000  5.00000000     0.9983264D+00     0.1000000D+01
   80  0.45032000  5.00000000     0.9983244D+00     0.1000000D+01
   81  0.45055000  5.00000000     0.9983234D+00     0.1000000D+01
   82  0.45078000  5.00000000     0.9983215D+00     0.1000000D+01
   83  0.45101000  5.00000000     0.9983205D+00     0.1000000D+01
   84  0.45128000  5.00000000     0.9983186D+00     0.1000000D+01
   85  0.45147000  5.00000000     0.9983176D+00     0.1000000D+01
   86  0.45174000  5.00000000     0.9983157D+00     0.1000000D+01
   87  0.45198000  5.00000000     0.9983137D+00     0.1000000D+01
   88  0.45217000  5.00000000     0.9983127D+00     0.1000000D+01
   89  0.45240000  5.00000000     0.9983118D+00     0.1000000D+01
   90  0.45259000  5.00000000     0.9983098D+00     0.1000000D+01
   91  0.45286000  5.00000000     0.9983088D+00     0.1000000D+01
   92  0.29868000  5.00000000     0.9998430D+00     0.1000000D+01
   93  0.29873000  5.00000000     0.9998420D+00     0.1000000D+01
   94  0.29878000  5.00000000     0.9998420D+00     0.1000000D+01
   95  0.29883000  5.00000000     0.9998420D+00     0.1000000D+01
   96  0.29899000  5.00000000     0.9998401D+00     0.1000000D+01
   97  0.29904000  5.00000000     0.9998401D+00     0.1000000D+01
   98  0.29910000  5.00000000     0.9998401D+00     0.1000000D+01
   99  0.29996000  5.00000000     0.9998333D+00     0.1000000D+01
  100  0.30020000  5.00000000     0.9998313D+00     0.1000000D+01
  101  0.30025000  5.00000000     0.9998304D+00     0.1000000D+01
  102  0.30029000  5.00000000     0.9998304D+00     0.1000000D+01
  103  0.30035000  5.00000000     0.9998304D+00     0.1000000D+01
  104  0.30041000  5.00000000     0.9998294D+00     0.1000000D+01
  105  0.30053000  5.00000000     0.9998284D+00     0.1000000D+01
  106  0.30059000  5.00000000     0.9998284D+00     0.1000000D+01
  107  0.30066000  5.00000000     0.9998274D+00     0.1000000D+01
  108  0.30070000  5.00000000     0.9998274D+00     0.1000000D+01
  109  0.37479000  5.00000000     0.9990618D+00     0.1000000D+01
  110  0.37485000  5.00000000     0.9990608D+00     0.1000000D+01
  111  0.37490000  5.00000000     0.9990608D+00     0.1000000D+01
  112  0.37495000  5.00000000     0.9990599D+00     0.1000000D+01
  113  0.37500000  5.00000000     0.9990599D+00     0.1000000D+01
  114  0.37504000  5.00000000     0.9990589D+00     0.1000000D+01
  115  0.37520000  5.00000000     0.9990569D+00     0.1000000D+01
  116  0.37526000  5.00000000     0.9990560D+00     0.1000000D+01
  117  0.37530000  5.00000000     0.9990560D+00     0.1000000D+01
  118  0.37534000  5.00000000     0.9990550D+00     0.1000000D+01
  119  0.37538000  5.00000000     0.9990550D+00     0.1000000D+01
  120  0.37627000  5.00000000     0.9990443D+00     0.1000000D+01
  121  0.37631000  5.00000000     0.9990433D+00     0.1000000D+01
  122  0.37636000  5.00000000     0.9990433D+00     0.1000000D+01
  123  0.37643000  5.00000000     0.9990423D+00     0.1000000D+01
  124  0.37648000  5.00000000     0.9990413D+00     0.1000000D+01
  125  0.37689000  5.00000000     0.9990365D+00     0.1000000D+01
  126  0.37694000  5.00000000     0.9990365D+00     0.1000000D+01
  127  0.37705000  5.00000000     0.9990345D+00     0.1000000D+01
  128  0.37787000  5.00000000     0.9990248D+00     0.1000000D+01
  129  0.37804000  5.00000000     0.9990228D+00     0.1000000D+01
  130  0.37816000  5.00000000     0.9990209D+00     0.1000000D+01
  131  0.37822000  5.00000000     0.9990209D+00     0.1000000D+01
  132  0.37828000  5.00000000     0.9990199D+00     0.1000000D+01
  133  0.41486000  5.00000000     0.9985835D+00     0.1000000D+01
  134  0.41491000  5.00000000     0.9985835D+00     0.1000000D+01
  135  0.41497000  5.00000000     0.9985826D+00     0.1000000D+01
  136  0.41501000  5.00000000     0.9985826D+00     0.1000000D+01
  137  0.41505000  5.00000000     0.9985816D+00     0.1000000D+01
  138  0.41509000  5.00000000     0.9985816D+00     0.1000000D+01
  139  0.41513000  5.00000000     0.9985806D+00     0.1000000D+01
  140  0.41518000  5.00000000     0.9985806D+00     0.1000000D+01
  141  0.41522000  5.00000000     0.9985796D+00     0.1000000D+01
  142  0.41571000  5.00000000     0.9985738D+00     0.1000000D+01
  143  0.41577000  5.00000000     0.9985738D+00     0.1000000D+01
  144  0.41582000  5.00000000     0.9985728D+00     0.1000000D+01
  145  0.41587000  5.00000000     0.9985718D+00     0.1000000D+01
  146  0.41592000  5.00000000     0.9985718D+00     0.1000000D+01
  147  0.41596000  5.00000000     0.9985709D+00     0.1000000D+01
  148  0.41601000  5.00000000     0.9985709D+00     0.1000000D+01
  149  0.41606000  5.00000000     0.9985699D+00     0.1000000D+01
  150  0.41663000  5.00000000     0.9985640D+00     0.1000000D+01
  151  0.41675000  5.00000000     0.9985621D+00     0.1000000D+01
  152  0.41682000  5.00000000     0.9985611D+00     0.1000000D+01
  153  0.41688000  5.00000000     0.9985611D+00     0.1000000D+01
  154  0.41694000  5.00000000     0.9985601D+00     0.1000000D+01
  155  0.41704000  5.00000000     0.9985592D+00     0.1000000D+01
  156  0.41711000  5.00000000     0.9985582D+00     0.1000000D+01
  157  0.41717000  5.00000000     0.9985572D+00     0.1000000D+01
  158  0.41723000  5.00000000     0.9985572D+00     0.1000000D+01
  159  0.41795000  5.00000000     0.9985485D+00     0.1000000D+01
  160  0.41802000  5.00000000     0.9985475D+00     0.1000000D+01
  161  0.38357000  5.00000000     0.9989546D+00     0.1000000D+01
  162  0.38360000  5.00000000     0.9989537D+00     0.1000000D+01
  163  0.38363000  5.00000000     0.9989537D+00     0.1000000D+01
  164  0.38366000  5.00000000     0.9989537D+00     0.1000000D+01
  165  0.38371000  5.00000000     0.9989527D+00     0.1000000D+01
  166  0.38375000  5.00000000     0.9989517D+00     0.1000000D+01
  167  0.38378000  5.00000000     0.9989517D+00     0.1000000D+01
  168  0.42008000  5.00000000     0.9985280D+00     0.1000000D+01
  169  0.42020000  5.00000000     0.9985270D+00     0.1000000D+01
  170  0.42031000  5.00000000     0.9985261D+00     0.1000000D+01
  171  0.42040000  5.00000000     0.9985261D+00     0.1000000D+01
  172  0.42049000  5.00000000     0.9985251D+00     0.1000000D+01
  173  0.42059000  5.00000000     0.9985241D+00     0.1000000D+01
  174  0.42068000  5.00000000     0.9985231D+00     0.1000000D+01
  175  0.42078000  5.00000000     0.9985222D+00     0.1000000D+01
  176  0.42211000  5.00000000     0.9985105D+00     0.1000000D+01
  177  0.42245000  5.00000000     0.9985075D+00     0.1000000D+01
  178  0.42256000  5.00000000     0.9985066D+00     0.1000000D+01
  179  0.42267000  5.00000000     0.9985056D+00     0.1000000D+01
  180  0.42278000  5.00000000     0.9985046D+00     0.1000000D+01
  181  0.42283000  5.00000000     0.9985046D+00     0.1000000D+01
  182  0.42443000  5.00000000     0.9984910D+00     0.1000000D+01
  183  0.42454000  5.00000000     0.9984900D+00     0.1000000D+01
  184  0.42466000  5.00000000     0.9984890D+00     0.1000000D+01
  185  0.42481000  5.00000000     0.9984881D+00     0.1000000D+01
  186  0.42508000  5.00000000     0.9984861D+00     0.1000000D+01
  187  0.42518000  5.00000000     0.9984851D+00     0.1000000D+01
  188  0.42531000  5.00000000     0.9984842D+00     0.1000000D+01
  189  0.42556000  5.00000000     0.9984822D+00     0.1000000D+01
  190  0.42663000  5.00000000     0.9984735D+00     0.1000000D+01
  191  0.42680000  5.00000000     0.9984725D+00     0.1000000D+01
  192  0.42687000  5.00000000     0.9984715D+00     0.1000000D+01
  193  0.42696000  5.00000000     0.9984705D+00     0.1000000D+01
  194  0.36798000  5.00000000     0.9991407D+00     0.1000000D+01
  195  0.36808000  5.00000000     0.9991397D+00     0.1000000D+01
  196  0.36817000  5.00000000     0.9991388D+00     0.1000000D+01
  197  0.36820000  5.00000000     0.9991388D+00     0.1000000D+01
  198  0.36833000  5.00000000     0.9991368D+00     0.1000000D+01
  199  0.36842000  5.00000000     0.9991358D+00     0.1000000D+01
  200  0.36862000  5.00000000     0.9991339D+00     0.1000000D+01
  201  0.36880000  5.00000000     0.9991319D+00     0.1000000D+01
  202  0.36903000  5.00000000     0.9991290D+00     0.1000000D+01
  203  0.36934000  5.00000000     0.9991251D+00     0.1000000D+01
  204  0.36949000  5.00000000     0.9991241D+00     0.1000000D+01
  205  0.36962000  5.00000000     0.9991222D+00     0.1000000D+01
  206  0.36979000  5.00000000     0.9991202D+00     0.1000000D+01
  207  0.36997000  5.00000000     0.9991183D+00     0.1000000D+01
  208  0.37011000  5.00000000     0.9991163D+00     0.1000000D+01
  209  0.52276000  5.00000000     0.9965935D+00     0.1000000D+01
  210  0.52290000  5.00000000     0.9967201D+00     0.1000000D+01
  211  0.52305000  5.00000000     0.9968506D+00     0.1000000D+01
  212  0.52322000  5.00000000     0.9969919D+00     0.1000000D+01
  213  0.52337000  5.00000000     0.9971107D+00     0.1000000D+01
  214  0.52367000  5.00000000     0.9973338D+00     0.1000000D+01
  215  0.52384000  5.00000000     0.9974497D+00     0.1000000D+01
  216  0.52413000  5.00000000     0.9976309D+00     0.1000000D+01
  217  0.52429000  5.00000000     0.9974750D+00     0.1000000D+01
  218  0.59881000  5.00000000     0.9987404D+00     0.1000000D+01
  219  0.59896000  5.00000000     0.9987423D+00     0.1000000D+01
  220  0.59910000  5.00000000     0.9987442D+00     0.1000000D+01
  221  0.59927000  5.00000000     0.9987462D+00     0.1000000D+01
  222  0.59943000  5.00000000     0.9987481D+00     0.1000000D+01
  223  0.59969000  5.00000000     0.9987511D+00     0.1000000D+01
  224  0.59984000  5.00000000     0.9987530D+00     0.1000000D+01
  225  0.59999000  5.00000000     0.9987540D+00     0.1000000D+01
  226  0.60013000  5.00000000     0.9987559D+00     0.1000000D+01
  227  0.60027000  5.00000000     0.9987579D+00     0.1000000D+01
  228  0.60345000  5.00000000     0.9987949D+00     0.1000000D+01
  229  0.60358000  5.00000000     0.9987959D+00     0.1000000D+01
  230  0.60375000  5.00000000     0.9987978D+00     0.1000000D+01
  231  0.60404000  5.00000000     0.9988017D+00     0.1000000D+01
  232  0.60418000  5.00000000     0.9988027D+00     0.1000000D+01
  233  0.60434000  5.00000000     0.9988046D+00     0.1000000D+01
  234  0.60461000  5.00000000     0.9988085D+00     0.1000000D+01
  235  0.60476000  5.00000000     0.9988095D+00     0.1000000D+01
  236  0.60490000  5.00000000     0.9988115D+00     0.1000000D+01
  237 -0.13126000  5.00000000     0.9991602D+00     0.1000000D+01
  238 -0.13102000  5.00000000     0.9991573D+00     0.1000000D+01
  239 -0.13088000  5.00000000     0.9991553D+00     0.1000000D+01
  240 -0.13074000  5.00000000     0.9991534D+00     0.1000000D+01
  241 -0.13049000  5.00000000     0.9991504D+00     0.1000000D+01
  242 -0.13043000  5.00000000     0.9991495D+00     0.1000000D+01
  243 -0.13031000  5.00000000     0.9991485D+00     0.1000000D+01
  244 -0.13018000  5.00000000     0.9991465D+00     0.1000000D+01
  245 -0.13004000  5.00000000     0.9991446D+00     0.1000000D+01
  246 -0.12973000  5.00000000     0.9991407D+00     0.1000000D+01
  247 -0.12958000  5.00000000     0.9991388D+00     0.1000000D+01
  248 -0.12942000  5.00000000     0.9991368D+00     0.1000000D+01
  249 -0.12697000  5.00000000     0.9991056D+00     0.1000000D+01
  250 -0.12685000  5.00000000     0.9991047D+00     0.1000000D+01
  251 -0.12672000  5.00000000     0.9991027D+00     0.1000000D+01
  252 -0.12658000  5.00000000     0.9991008D+00     0.1000000D+01
  253 -0.12646000  5.00000000     0.9990988D+00     0.1000000D+01
  254 -0.12624000  5.00000000     0.9990959D+00     0.1000000D+01
  255 -0.12611000  5.00000000     0.9990949D+00     0.1000000D+01
  256 -0.12599000  5.00000000     0.9990930D+00     0.1000000D+01
  257 -0.09172000  5.00000000     0.9986352D+00     0.1000000D+01
  258 -0.09158000  5.00000000     0.9986342D+00     0.1000000D+01
  259 -0.09144000  5.00000000     0.9986322D+00     0.1000000D+01
  260 -0.09129000  5.00000000     0.9986303D+00     0.1000000D+01
  261 -0.09117000  5.00000000     0.9986283D+00     0.1000000D+01
  262 -0.09091000  5.00000000     0.9986254D+00     0.1000000D+01
  263 -0.09064000  5.00000000     0.9986215D+00     0.1000000D+01
  264 -0.09053000  5.00000000     0.9986205D+00     0.1000000D+01
  265 -0.09044000  5.00000000     0.9986186D+00     0.1000000D+01
  266 -0.09031000  5.00000000     0.9986176D+00     0.1000000D+01
  267 -0.09026000  5.00000000     0.9986166D+00     0.1000000D+01
  268 -0.09014000  5.00000000     0.9986147D+00     0.1000000D+01
  269 -0.08746000  5.00000000     0.9985806D+00     0.1000000D+01
  270 -0.08736000  5.00000000     0.9985796D+00     0.1000000D+01
  271 -0.08724000  5.00000000     0.9985777D+00     0.1000000D+01
  272 -0.08711000  5.00000000     0.9985757D+00     0.1000000D+01
  273 -0.08692000  5.00000000     0.9985738D+00     0.1000000D+01
  274 -0.08677000  5.00000000     0.9985718D+00     0.1000000D+01
  275 -0.08664000  5.00000000     0.9985699D+00     0.1000000D+01
  276 -0.08648000  5.00000000     0.9985679D+00     0.1000000D+01
  277  0.13960000  5.00000000     0.9992595D+00     0.1000000D+01
  278  0.13973000  5.00000000     0.9992615D+00     0.1000000D+01
  279  0.13988000  5.00000000     0.9992634D+00     0.1000000D+01
  280  0.14001000  5.00000000     0.9992644D+00     0.1000000D+01
  281  0.14014000  5.00000000     0.9992664D+00     0.1000000D+01
  282  0.14035000  5.00000000     0.9992683D+00     0.1000000D+01
  283  0.14048000  5.00000000     0.9992703D+00     0.1000000D+01
  284  0.14063000  5.00000000     0.9992722D+00     0.1000000D+01
  285  0.14075000  5.00000000     0.9992732D+00     0.1000000D+01
  286  0.14083000  5.00000000     0.9992741D+00     0.1000000D+01
  287  0.37283000  5.00000000     0.9990852D+00     0.1000000D+01
  288  0.37307000  5.00000000     0.9990823D+00     0.1000000D+01
  289  0.37319000  5.00000000     0.9990813D+00     0.1000000D+01
  290  0.37338000  5.00000000     0.9990784D+00     0.1000000D+01
  291  0.37349000  5.00000000     0.9990774D+00     0.1000000D+01
  292  0.37359000  5.00000000     0.9990764D+00     0.1000000D+01
  293  0.37371000  5.00000000     0.9990745D+00     0.1000000D+01
  294  0.40844000  5.00000000     0.9986576D+00     0.1000000D+01
  295  0.40856000  5.00000000     0.9986556D+00     0.1000000D+01
  296  0.40861000  5.00000000     0.9986556D+00     0.1000000D+01
  297  0.40865000  5.00000000     0.9986546D+00     0.1000000D+01
  298  0.40876000  5.00000000     0.9986537D+00     0.1000000D+01
  299  0.40904000  5.00000000     0.9986498D+00     0.1000000D+01
  300  0.40912000  5.00000000     0.9986498D+00     0.1000000D+01
  301  0.40919000  5.00000000     0.9986488D+00     0.1000000D+01
  302  0.40932000  5.00000000     0.9986468D+00     0.1000000D+01
  303  0.40939000  5.00000000     0.9986459D+00     0.1000000D+01
  304  0.40982000  5.00000000     0.9986410D+00     0.1000000D+01
  305  0.40997000  5.00000000     0.9986400D+00     0.1000000D+01
  306  0.41002000  5.00000000     0.9986390D+00     0.1000000D+01
  307  0.41003000  5.00000000     0.9986390D+00     0.1000000D+01
  308  0.41008000  5.00000000     0.9986381D+00     0.1000000D+01
  309  0.41022000  5.00000000     0.9986371D+00     0.1000000D+01
  310  0.41042000  5.00000000     0.9986342D+00     0.1000000D+01
  311  0.41048000  5.00000000     0.9986342D+00     0.1000000D+01
  312  0.41054000  5.00000000     0.9986332D+00     0.1000000D+01
  313  0.41066000  5.00000000     0.9986313D+00     0.1000000D+01
  314  0.41073000  5.00000000     0.9986313D+00     0.1000000D+01
  315  0.41079000  5.00000000     0.9986303D+00     0.1000000D+01
  316  0.41084000  5.00000000     0.9986293D+00     0.1000000D+01
  317  0.41096000  5.00000000     0.9986283D+00     0.1000000D+01
  318  0.41108000  5.00000000     0.9986264D+00     0.1000000D+01
  319  0.41116000  5.00000000     0.9986264D+00     0.1000000D+01
  320  0.41120000  5.00000000     0.9986254D+00     0.1000000D+01
  321  0.41132000  5.00000000     0.9986244D+00     0.1000000D+01
  322  0.41137000  5.00000000     0.9986235D+00     0.1000000D+01
  323  0.41143000  5.00000000     0.9986225D+00     0.1000000D+01
  324  0.41155000  5.00000000     0.9986215D+00     0.1000000D+01
  325  0.41167000  5.00000000     0.9986205D+00     0.1000000D+01
  326  0.41174000  5.00000000     0.9986196D+00     0.1000000D+01
  327  0.41179000  5.00000000     0.9986186D+00     0.1000000D+01
  328  0.41191000  5.00000000     0.9986176D+00     0.1000000D+01
  329  0.41197000  5.00000000     0.9986166D+00     0.1000000D+01
  330  0.41202000  5.00000000     0.9986157D+00     0.1000000D+01
  331  0.41218000  5.00000000     0.9986147D+00     0.1000000D+01
  332  0.41230000  5.00000000     0.9986127D+00     0.1000000D+01
  333  0.41236000  5.00000000     0.9986118D+00     0.1000000D+01
  334  0.41242000  5.00000000     0.9986118D+00     0.1000000D+01
  335  0.41253000  5.00000000     0.9986098D+00     0.1000000D+01
  336  0.41260000  5.00000000     0.9986098D+00     0.1000000D+01
  337  0.41265000  5.00000000     0.9986089D+00     0.1000000D+01
  338  0.41278000  5.00000000     0.9986079D+00     0.1000000D+01
  339  0.41297000  5.00000000     0.9986050D+00     0.1000000D+01
  340  0.41302000  5.00000000     0.9986050D+00     0.1000000D+01
  341  0.41317000  5.00000000     0.9986030D+00     0.1000000D+01
  342  0.41326000  5.00000000     0.9986020D+00     0.1000000D+01
  343  0.41339000  5.00000000     0.9986001D+00     0.1000000D+01
  344  0.41449000  5.00000000     0.9985884D+00     0.1000000D+01
  345  0.41456000  5.00000000     0.9985874D+00     0.1000000D+01
  346  0.41463000  5.00000000     0.9985864D+00     0.1000000D+01
  347  0.41481000  5.00000000     0.9985845D+00     0.1000000D+01
  348  0.41487000  5.00000000     0.9985835D+00     0.1000000D+01
  349  0.41492000  5.00000000     0.9985835D+00     0.1000000D+01
  350  0.41503000  5.00000000     0.9985816D+00     0.1000000D+01
  351  0.41518000  5.00000000     0.9985806D+00     0.1000000D+01
  352  0.41524000  5.00000000     0.9985796D+00     0.1000000D+01
  353  0.41529000  5.00000000     0.9985787D+00     0.1000000D+01
  354  0.41544000  5.00000000     0.9985767D+00     0.1000000D+01
  355  0.41550000  5.00000000     0.9985767D+00     0.1000000D+01
  356  0.41554000  5.00000000     0.9985757D+00     0.1000000D+01
  357  0.41571000  5.00000000     0.9985738D+00     0.1000000D+01
  358  0.41588000  5.00000000     0.9985718D+00     0.1000000D+01
  359  0.41594000  5.00000000     0.9985718D+00     0.1000000D+01
  360  0.41601000  5.00000000     0.9985709D+00     0.1000000D+01
  361  0.41615000  5.00000000     0.9985689D+00     0.1000000D+01
  362  0.41623000  5.00000000     0.9985679D+00     0.1000000D+01
  363  0.41641000  5.00000000     0.9985660D+00     0.1000000D+01
  364  0.41648000  5.00000000     0.9985650D+00     0.1000000D+01
  365  0.41663000  5.00000000     0.9985640D+00     0.1000000D+01
  366  0.41670000  5.00000000     0.9985631D+00     0.1000000D+01
  367  0.41691000  5.00000000     0.9985601D+00     0.1000000D+01
  368  0.40668000  5.00000000     0.9986770D+00     0.1000000D+01
  369  0.40677000  5.00000000     0.9986761D+00     0.1000000D+01
  370  0.40684000  5.00000000     0.9986751D+00     0.1000000D+01
  371  0.40693000  5.00000000     0.9986741D+00     0.1000000D+01
  372  0.40700000  5.00000000     0.9986731D+00     0.1000000D+01
  373  0.40719000  5.00000000     0.9986712D+00     0.1000000D+01
  374  0.40726000  5.00000000     0.9986702D+00     0.1000000D+01
  375  0.40744000  5.00000000     0.9986683D+00     0.1000000D+01
  376  0.40752000  5.00000000     0.9986673D+00     0.1000000D+01
  377  0.40768000  5.00000000     0.9986653D+00     0.1000000D+01
  378  0.40774000  5.00000000     0.9986653D+00     0.1000000D+01
  379  0.40797000  5.00000000     0.9986624D+00     0.1000000D+01
  380  0.40819000  5.00000000     0.9986595D+00     0.1000000D+01
  381  0.40827000  5.00000000     0.9986595D+00     0.1000000D+01
  382  0.40835000  5.00000000     0.9986585D+00     0.1000000D+01
  383  0.40849000  5.00000000     0.9986566D+00     0.1000000D+01
  384  0.40857000  5.00000000     0.9986556D+00     0.1000000D+01
  385  0.40881000  5.00000000     0.9986527D+00     0.1000000D+01
  386  0.40898000  5.00000000     0.9986507D+00     0.1000000D+01
  387  0.40906000  5.00000000     0.9986498D+00     0.1000000D+01
  388  0.40912000  5.00000000     0.9986498D+00     0.1000000D+01
  389  0.40920000  5.00000000     0.9986488D+00     0.1000000D+01
  390  0.40935000  5.00000000     0.9986468D+00     0.1000000D+01
  391  0.40961000  5.00000000     0.9986439D+00     0.1000000D+01
  392  0.40978000  5.00000000     0.9986420D+00     0.1000000D+01
  393  0.40984000  5.00000000     0.9986410D+00     0.1000000D+01
  394  0.40990000  5.00000000     0.9986400D+00     0.1000000D+01
  395  0.41004000  5.00000000     0.9986390D+00     0.1000000D+01
  396  0.41009000  5.00000000     0.9986381D+00     0.1000000D+01
  397  0.41016000  5.00000000     0.9986371D+00     0.1000000D+01
  398  0.41029000  5.00000000     0.9986361D+00     0.1000000D+01
  399  0.41049000  5.00000000     0.9986332D+00     0.1000000D+01
  400  0.41056000  5.00000000     0.9986332D+00     0.1000000D+01
  401  0.41063000  5.00000000     0.9986322D+00     0.1000000D+01
  402  0.41070000  5.00000000     0.9986313D+00     0.1000000D+01
  403  0.41085000  5.00000000     0.9986293D+00     0.1000000D+01
  404  0.41092000  5.00000000     0.9986283D+00     0.1000000D+01
  405  0.41100000  5.00000000     0.9986274D+00     0.1000000D+01
  406  0.41115000  5.00000000     0.9986264D+00     0.1000000D+01
  407  0.41124000  5.00000000     0.9986254D+00     0.1000000D+01
  408  0.41141000  5.00000000     0.9986235D+00     0.1000000D+01
  409  0.41147000  5.00000000     0.9986225D+00     0.1000000D+01
  410  0.41154000  5.00000000     0.9986215D+00     0.1000000D+01
  411  0.41183000  5.00000000     0.9986186D+00     0.1000000D+01
  412  0.41190000  5.00000000     0.9986176D+00     0.1000000D+01
  413  0.41196000  5.00000000     0.9986166D+00     0.1000000D+01
  414  0.41210000  5.00000000     0.9986157D+00     0.1000000D+01
  415  0.41227000  5.00000000     0.9986137D+00     0.1000000D+01
  416  0.41234000  5.00000000     0.9986127D+00     0.1000000D+01
  417  0.41242000  5.00000000     0.9986118D+00     0.1000000D+01
  418  0.41255000  5.00000000     0.9986098D+00     0.1000000D+01
  419  0.41263000  5.00000000     0.9986089D+00     0.1000000D+01
  420  0.41335000  5.00000000     0.9986011D+00     0.1000000D+01
  421  0.41343000  5.00000000     0.9986001D+00     0.1000000D+01
  422  0.41350000  5.00000000     0.9985991D+00     0.1000000D+01
  423  0.41366000  5.00000000     0.9985972D+00     0.1000000D+01
  424  0.41372000  5.00000000     0.9985972D+00     0.1000000D+01
  425  0.41379000  5.00000000     0.9985962D+00     0.1000000D+01
  426  0.41394000  5.00000000     0.9985942D+00     0.1000000D+01
  427  0.41400000  5.00000000     0.9985933D+00     0.1000000D+01
  428  0.41419000  5.00000000     0.9985913D+00     0.1000000D+01
  429  0.41425000  5.00000000     0.9985903D+00     0.1000000D+01
  430  0.41432000  5.00000000     0.9985903D+00     0.1000000D+01
  431  0.41447000  5.00000000     0.9985884D+00     0.1000000D+01
  432  0.41454000  5.00000000     0.9985874D+00     0.1000000D+01
  433  0.41461000  5.00000000     0.9985864D+00     0.1000000D+01
  434  0.41475000  5.00000000     0.9985855D+00     0.1000000D+01
  435  0.41482000  5.00000000     0.9985845D+00     0.1000000D+01
  436  0.41488000  5.00000000     0.9985835D+00     0.1000000D+01
  437  0.41503000  5.00000000     0.9985816D+00     0.1000000D+01
  438  0.41510000  5.00000000     0.9985806D+00     0.1000000D+01
  439  0.41517000  5.00000000     0.9985806D+00     0.1000000D+01
  440  0.41531000  5.00000000     0.9985787D+00     0.1000000D+01
  441  0.41538000  5.00000000     0.9985777D+00     0.1000000D+01
  442  0.41545000  5.00000000     0.9985767D+00     0.1000000D+01
  443  0.41559000  5.00000000     0.9985757D+00     0.1000000D+01
  444  0.41575000  5.00000000     0.9985738D+00     0.1000000D+01
  445  0.41583000  5.00000000     0.9985728D+00     0.1000000D+01
  446  0.41589000  5.00000000     0.9985718D+00     0.1000000D+01
  447  0.41610000  5.00000000     0.9985699D+00     0.1000000D+01
  448  0.41618000  5.00000000     0.9985689D+00     0.1000000D+01
  449  0.41624000  5.00000000     0.9985679D+00     0.1000000D+01
  450  0.41632000  5.00000000     0.9985670D+00     0.1000000D+01
  451  0.41649000  5.00000000     0.9985650D+00     0.1000000D+01
  452  0.41656000  5.00000000     0.9985640D+00     0.1000000D+01
  453  0.41678000  5.00000000     0.9985621D+00     0.1000000D+01
  454  0.41686000  5.00000000     0.9985611D+00     0.1000000D+01
  455  0.41696000  5.00000000     0.9985601D+00     0.1000000D+01
  456  0.41712000  5.00000000     0.9985582D+00     0.1000000D+01
  457  0.41719000  5.00000000     0.9985572D+00     0.1000000D+01
  458  0.41726000  5.00000000     0.9985562D+00     0.1000000D+01
  459  0.41741000  5.00000000     0.9985553D+00     0.1000000D+01
  460  0.41749000  5.00000000     0.9985543D+00     0.1000000D+01
  461  0.41755000  5.00000000     0.9985533D+00     0.1000000D+01
  462  0.41764000  5.00000000     0.9985524D+00     0.1000000D+01
  463  0.41770000  5.00000000     0.9985514D+00     0.1000000D+01
  464  0.41801000  5.00000000     0.9985485D+00     0.1000000D+01
  465  0.41808000  5.00000000     0.9985475D+00     0.1000000D+01
  466  0.41816000  5.00000000     0.9985465D+00     0.1000000D+01
  467  0.41831000  5.00000000     0.9985446D+00     0.1000000D+01
  468  0.41839000  5.00000000     0.9985436D+00     0.1000000D+01
  469  0.41856000  5.00000000     0.9985426D+00     0.1000000D+01
  470  0.41863000  5.00000000     0.9985416D+00     0.1000000D+01
  471  0.41870000  5.00000000     0.9985407D+00     0.1000000D+01
  472  0.41886000  5.00000000     0.9985397D+00     0.1000000D+01
  473  0.41896000  5.00000000     0.9985387D+00     0.1000000D+01
  474  0.41904000  5.00000000     0.9985377D+00     0.1000000D+01
  475  0.41912000  5.00000000     0.9985368D+00     0.1000000D+01
  476  0.41929000  5.00000000     0.9985358D+00     0.1000000D+01
  477  0.41937000  5.00000000     0.9985348D+00     0.1000000D+01
  478  0.52731000  5.00000000     0.9981880D+00     0.1000000D+01
  479  0.52743000  5.00000000     0.9981890D+00     0.1000000D+01
  480  0.52762000  5.00000000     0.9981900D+00     0.1000000D+01
  481  0.52778000  5.00000000     0.9981910D+00     0.1000000D+01
  482  0.52792000  5.00000000     0.9981919D+00     0.1000000D+01
  483  0.52823000  5.00000000     0.9981929D+00     0.1000000D+01
  484  0.52836000  5.00000000     0.9981939D+00     0.1000000D+01
  485  0.52848000  5.00000000     0.9981949D+00     0.1000000D+01
  486  0.52863000  5.00000000     0.9981958D+00     0.1000000D+01
  487  0.52879000  5.00000000     0.9981968D+00     0.1000000D+01
  488  0.56376000  5.00000000     0.9984053D+00     0.1000000D+01
  489  0.56391000  5.00000000     0.9984062D+00     0.1000000D+01
  490  0.56406000  5.00000000     0.9984072D+00     0.1000000D+01
  491  0.56413000  5.00000000     0.9984082D+00     0.1000000D+01
  492  0.56429000  5.00000000     0.9984092D+00     0.1000000D+01
  493  0.56463000  5.00000000     0.9984111D+00     0.1000000D+01
  494  0.56471000  5.00000000     0.9984111D+00     0.1000000D+01
  495 -0.01038000  5.00000000     0.8521661D+00     0.1000000D+01
  496 -0.01016000  5.00000000     0.8501299D+00     0.1000000D+01
  497 -0.01006000  5.00000000     0.8492234D+00     0.1000000D+01
  498 -0.00989000  5.00000000     0.8477097D+00     0.1000000D+01
  499 -0.00981000  5.00000000     0.8470093D+00     0.1000000D+01
  500 -0.00963000  5.00000000     0.8454613D+00     0.1000000D+01
  501 -0.00957000  5.00000000     0.8449538D+00     0.1000000D+01
  502 -0.00944000  5.00000000     0.8436534D+00     0.1000000D+01
  503 -0.00935000  5.00000000     0.8427509D+00     0.1000000D+01
  504 -0.00929000  5.00000000     0.8421500D+00     0.1000000D+01
  505 -0.00915000  5.00000000     0.8407502D+00     0.1000000D+01
  506 -0.00909000  5.00000000     0.8401512D+00     0.1000000D+01
  507 -0.00871000  5.00000000     0.8363716D+00     0.1000000D+01
  508 -0.00840000  5.00000000     0.8333057D+00     0.1000000D+01
  509 -0.00827000  5.00000000     0.8320248D+00     0.1000000D+01
  510 -0.00820000  5.00000000     0.8313361D+00     0.1000000D+01
  511 -0.00813000  5.00000000     0.8306483D+00     0.1000000D+01
  512 -0.00804000  5.00000000     0.8297652D+00     0.1000000D+01
  513 -0.00798000  5.00000000     0.8291772D+00     0.1000000D+01
  514 -0.00792000  5.00000000     0.8285898D+00     0.1000000D+01
  515 -0.00775000  5.00000000     0.8269286D+00     0.1000000D+01
  516 -0.00770000  5.00000000     0.8264410D+00     0.1000000D+01
  517 -0.00756000  5.00000000     0.8250776D+00     0.1000000D+01
  518 -0.00749000  5.00000000     0.8243973D+00     0.1000000D+01
  519 -0.00743000  5.00000000     0.8238147D+00     0.1000000D+01
  520 -0.00737000  5.00000000     0.8232326D+00     0.1000000D+01
  521 -0.00692000  5.00000000     0.8188865D+00     0.1000000D+01
  522 -0.00685000  5.00000000     0.8182134D+00     0.1000000D+01
  523 -0.00671000  5.00000000     0.8168696D+00     0.1000000D+01
  524 -0.00665000  5.00000000     0.8162946D+00     0.1000000D+01
  525 -0.00645000  5.00000000     0.8143826D+00     0.1000000D+01
  526 -0.00637000  5.00000000     0.8136222D+00     0.1000000D+01
  527 -0.00632000  5.00000000     0.8131635D+00     0.1000000D+01
  528 -0.00618000  5.00000000     0.8118858D+00     0.1000000D+01
  529 -0.00611000  5.00000000     0.8112506D+00     0.1000000D+01
  530 -0.00605000  5.00000000     0.8107083D+00     0.1000000D+01
  531 -0.00599000  5.00000000     0.8101676D+00     0.1000000D+01
  532 -0.00584000  5.00000000     0.8088247D+00     0.1000000D+01
  533 -0.00578000  5.00000000     0.8082908D+00     0.1000000D+01
  534 -0.00571000  5.00000000     0.8076705D+00     0.1000000D+01
  535 -0.00558000  5.00000000     0.8065257D+00     0.1000000D+01
  536 -0.00552000  5.00000000     0.8060005D+00     0.1000000D+01
  537 -0.00545000  5.00000000     0.8053905D+00     0.1000000D+01
  538 -0.00539000  5.00000000     0.8048699D+00     0.1000000D+01
  539 -0.00521000  5.00000000     0.8034938D+00     0.1000000D+01
  540 -0.00514000  5.00000000     0.8029035D+00     0.1000000D+01
  541 -0.00507000  5.00000000     0.8023156D+00     0.1000000D+01
  542 -0.00501000  5.00000000     0.8018135D+00     0.1000000D+01
  543 -0.00487000  5.00000000     0.8006488D+00     0.1000000D+01
  544 -0.00482000  5.00000000     0.8002352D+00     0.1000000D+01
  545 -0.00475000  5.00000000     0.7996582D+00     0.1000000D+01
  546 -0.00469000  5.00000000     0.7991654D+00     0.1000000D+01
  547 -0.00455000  5.00000000     0.7980226D+00     0.1000000D+01
  548 -0.00448000  5.00000000     0.7974547D+00     0.1000000D+01
  549 -0.00441000  5.00000000     0.7968892D+00     0.1000000D+01
  550 -0.00428000  5.00000000     0.7958453D+00     0.1000000D+01
  551 -0.00411000  5.00000000     0.7944927D+00     0.1000000D+01
  552 -0.00405000  5.00000000     0.7940187D+00     0.1000000D+01
  553 -0.00391000  5.00000000     0.7929194D+00     0.1000000D+01
  554 -0.00384000  5.00000000     0.7923733D+00     0.1000000D+01
  555 -0.00376000  5.00000000     0.7917522D+00     0.1000000D+01
  556 -0.00898000  5.00000000     0.8390547D+00     0.1000000D+01
  557 -0.00894000  5.00000000     0.8386564D+00     0.1000000D+01
  558 -0.00889000  5.00000000     0.8381589D+00     0.1000000D+01
  559 -0.00879000  5.00000000     0.8371653D+00     0.1000000D+01
  560 -0.00875000  5.00000000     0.8367683D+00     0.1000000D+01
  561 -0.00870000  5.00000000     0.8362724D+00     0.1000000D+01
  562 -0.00864000  5.00000000     0.8356779D+00     0.1000000D+01
  563 -0.00855000  5.00000000     0.8347872D+00     0.1000000D+01
  564 -0.00845000  5.00000000     0.8337992D+00     0.1000000D+01
  565 -0.00842000  5.00000000     0.8335031D+00     0.1000000D+01
  566 -0.00838000  5.00000000     0.8331085D+00     0.1000000D+01
  567 -0.00828000  5.00000000     0.8321232D+00     0.1000000D+01
  568 -0.00823000  5.00000000     0.8316312D+00     0.1000000D+01
  569 -0.00819000  5.00000000     0.8312379D+00     0.1000000D+01
  570 -0.00809000  5.00000000     0.8302557D+00     0.1000000D+01
  571 -0.00805000  5.00000000     0.8298633D+00     0.1000000D+01
  572 -0.00791000  5.00000000     0.8284919D+00     0.1000000D+01
  573 -0.00782000  5.00000000     0.8276121D+00     0.1000000D+01
  574 -0.00777000  5.00000000     0.8271238D+00     0.1000000D+01
  575 -0.00772000  5.00000000     0.8266360D+00     0.1000000D+01
  576 -0.00763000  5.00000000     0.8257589D+00     0.1000000D+01
  577 -0.00759000  5.00000000     0.8253696D+00     0.1000000D+01
  578 -0.00755000  5.00000000     0.8249804D+00     0.1000000D+01
  579 -0.00746000  5.00000000     0.8241059D+00     0.1000000D+01
  580 -0.00741000  5.00000000     0.8236205D+00     0.1000000D+01
  581 -0.00730000  5.00000000     0.8225544D+00     0.1000000D+01
  582 -0.00726000  5.00000000     0.8221672D+00     0.1000000D+01
  583 -0.00717000  5.00000000     0.8212968D+00     0.1000000D+01
  584 -0.00713000  5.00000000     0.8209105D+00     0.1000000D+01
  585 -0.00709000  5.00000000     0.8205244D+00     0.1000000D+01
  586 -0.00704000  5.00000000     0.8200421D+00     0.1000000D+01
  587 -0.00695000  5.00000000     0.8191752D+00     0.1000000D+01
  588 -0.00690000  5.00000000     0.8186940D+00     0.1000000D+01
  589 -0.00680000  5.00000000     0.8177331D+00     0.1000000D+01
  590 -0.00677000  5.00000000     0.8174451D+00     0.1000000D+01
  591 -0.00664000  5.00000000     0.8161989D+00     0.1000000D+01
  592 -0.00660000  5.00000000     0.8158161D+00     0.1000000D+01
  593 -0.00656000  5.00000000     0.8154334D+00     0.1000000D+01
  594 -0.00645000  5.00000000     0.8143826D+00     0.1000000D+01
  595 -0.00641000  5.00000000     0.8140010D+00     0.1000000D+01
  596 -0.00637000  5.00000000     0.8136222D+00     0.1000000D+01
  597 -0.00633000  5.00000000     0.8132552D+00     0.1000000D+01
  598 -0.00623000  5.00000000     0.8123410D+00     0.1000000D+01
  599 -0.00619000  5.00000000     0.8119768D+00     0.1000000D+01
  600 -0.00607000  5.00000000     0.8108889D+00     0.1000000D+01
  601 -0.00603000  5.00000000     0.8105279D+00     0.1000000D+01
  602 -0.00599000  5.00000000     0.8101676D+00     0.1000000D+01
  603 -0.00591000  5.00000000     0.8094499D+00     0.1000000D+01
  604 -0.00587000  5.00000000     0.8090923D+00     0.1000000D+01
  605 -0.00584000  5.00000000     0.8088247D+00     0.1000000D+01
  606 -0.00579000  5.00000000     0.8083796D+00     0.1000000D+01
  607 -0.00574000  5.00000000     0.8079360D+00     0.1000000D+01
  608 -0.00564000  5.00000000     0.8070529D+00     0.1000000D+01
  609 -0.00560000  5.00000000     0.8067012D+00     0.1000000D+01
  610 -0.00556000  5.00000000     0.8063504D+00     0.1000000D+01
  611 -0.00546000  5.00000000     0.8054774D+00     0.1000000D+01
  612 -0.00534000  5.00000000     0.8044376D+00     0.1000000D+01
  613  0.39830000  5.00000000     0.9987744D+00     0.1000000D+01
  614  0.39833000  5.00000000     0.9987735D+00     0.1000000D+01
  615  0.39843000  5.00000000     0.9987725D+00     0.1000000D+01
  616  0.39847000  5.00000000     0.9987725D+00     0.1000000D+01
  617  0.39850000  5.00000000     0.9987715D+00     0.1000000D+01
  618  0.39858000  5.00000000     0.9987705D+00     0.1000000D+01
  619  0.39868000  5.00000000     0.9987696D+00     0.1000000D+01
  620  0.39876000  5.00000000     0.9987686D+00     0.1000000D+01
  621  0.39879000  5.00000000     0.9987686D+00     0.1000000D+01
  622  0.39883000  5.00000000     0.9987676D+00     0.1000000D+01
  623  0.39892000  5.00000000     0.9987667D+00     0.1000000D+01
  624  0.39895000  5.00000000     0.9987667D+00     0.1000000D+01
  625  0.39905000  5.00000000     0.9987657D+00     0.1000000D+01
  626  0.39913000  5.00000000     0.9987647D+00     0.1000000D+01
  627  0.39918000  5.00000000     0.9987637D+00     0.1000000D+01
  628  0.39926000  5.00000000     0.9987628D+00     0.1000000D+01
  629  0.39930000  5.00000000     0.9987628D+00     0.1000000D+01
  630  0.39934000  5.00000000     0.9987618D+00     0.1000000D+01
  631  0.39938000  5.00000000     0.9987618D+00     0.1000000D+01
  632  0.39941000  5.00000000     0.9987618D+00     0.1000000D+01
  633  0.39949000  5.00000000     0.9987608D+00     0.1000000D+01
  634  0.39973000  5.00000000     0.9987579D+00     0.1000000D+01
  635  0.39982000  5.00000000     0.9987569D+00     0.1000000D+01
  636  0.39986000  5.00000000     0.9987559D+00     0.1000000D+01
  637  0.39990000  5.00000000     0.9987559D+00     0.1000000D+01
  638  0.39993000  5.00000000     0.9987550D+00     0.1000000D+01
  639  0.39996000  5.00000000     0.9987550D+00     0.1000000D+01
  640  0.40004000  5.00000000     0.9987540D+00     0.1000000D+01
  641  0.40008000  5.00000000     0.9987540D+00     0.1000000D+01
  642  0.40012000  5.00000000     0.9987530D+00     0.1000000D+01
  643  0.40015000  5.00000000     0.9987530D+00     0.1000000D+01
  644  0.40023000  5.00000000     0.9987520D+00     0.1000000D+01
  645  0.40247000  5.00000000     0.9987257D+00     0.1000000D+01
  646  0.40256000  5.00000000     0.9987248D+00     0.1000000D+01
  647  0.40259000  5.00000000     0.9987248D+00     0.1000000D+01
  648  0.40263000  5.00000000     0.9987238D+00     0.1000000D+01
  649  0.40271000  5.00000000     0.9987228D+00     0.1000000D+01
  650  0.40280000  5.00000000     0.9987218D+00     0.1000000D+01
  651  0.40288000  5.00000000     0.9987209D+00     0.1000000D+01
  652  0.40297000  5.00000000     0.9987199D+00     0.1000000D+01
  653  0.40301000  5.00000000     0.9987199D+00     0.1000000D+01
  654  0.40309000  5.00000000     0.9987189D+00     0.1000000D+01
  655  0.40318000  5.00000000     0.9987179D+00     0.1000000D+01
  656  0.40328000  5.00000000     0.9987170D+00     0.1000000D+01
  657  0.40341000  5.00000000     0.9987150D+00     0.1000000D+01
  658  0.40345000  5.00000000     0.9987141D+00     0.1000000D+01
  659  0.40349000  5.00000000     0.9987141D+00     0.1000000D+01
  660  0.40357000  5.00000000     0.9987131D+00     0.1000000D+01
  661  0.51853000  5.00000000     0.9911181D+00     0.1000000D+01
  662  0.51885000  5.00000000     0.9916286D+00     0.1000000D+01
  663  0.51917000  5.00000000     0.9921341D+00     0.1000000D+01
  664  0.55630000  5.00000000     0.9983692D+00     0.1000000D+01
  665  0.55660000  5.00000000     0.9983644D+00     0.1000000D+01
  666  0.55689000  5.00000000     0.9983663D+00     0.1000000D+01
  667  0.01465000  5.00000000     0.9031129D+00     0.1000000D+01
  668  0.01516000  5.00000000     0.9106506D+00     0.1000000D+01
  669  0.01556000  5.00000000     0.9167794D+00     0.1000000D+01
  670  0.05296000  5.00000000     0.9982679D+00     0.1000000D+01
  671  0.05331000  5.00000000     0.9982708D+00     0.1000000D+01
  672  0.05374000  5.00000000     0.9982738D+00     0.1000000D+01
  673  0.13141000  5.00000000     0.9991621D+00     0.1000000D+01
  674  0.13181000  5.00000000     0.9991670D+00     0.1000000D+01
  675  0.13221000  5.00000000     0.9991719D+00     0.1000000D+01
  676  0.16841000  5.00000000     0.9995566D+00     0.1000000D+01
  677  0.16868000  5.00000000     0.9995596D+00     0.1000000D+01
  678  0.16886000  5.00000000     0.9995615D+00     0.1000000D+01
  679  0.47863000  5.00000000     0.9950505D+00     0.1000000D+01
  680  0.47904000  5.00000000     0.9945450D+00     0.1000000D+01
  681  0.47917000  5.00000000     0.9943813D+00     0.1000000D+01
  682  0.55432000  5.00000000     0.9983546D+00     0.1000000D+01
  683  0.55459000  5.00000000     0.9983566D+00     0.1000000D+01
  684  0.55488000  5.00000000     0.9983585D+00     0.1000000D+01
  685  0.59304000  5.00000000     0.9986741D+00     0.1000000D+01
  686  0.59328000  5.00000000     0.9986770D+00     0.1000000D+01
  687  0.59354000  5.00000000     0.9986800D+00     0.1000000D+01
  688  0.31779000  5.00000000     0.9996531D+00     0.1000000D+01
  689  0.31806000  5.00000000     0.9996501D+00     0.1000000D+01
  690  0.31833000  5.00000000     0.9996472D+00     0.1000000D+01
  691  0.35759000  5.00000000     0.9992547D+00     0.1000000D+01
  692  0.35788000  5.00000000     0.9992517D+00     0.1000000D+01
  693  0.35810000  5.00000000     0.9992498D+00     0.1000000D+01
  694  0.66493000  5.00000000     0.9994719D+00     0.1000000D+01
  695  0.66507000  5.00000000     0.9994729D+00     0.1000000D+01
  696  0.66518000  5.00000000     0.9994738D+00     0.1000000D+01
  697 -0.18081000  5.00000000     0.9996891D+00     0.1000000D+01
  698 -0.18056000  5.00000000     0.9996862D+00     0.1000000D+01
  699 -0.18033000  5.00000000     0.9996842D+00     0.1000000D+01
  700 -0.14420000  5.00000000     0.9993121D+00     0.1000000D+01
  701 -0.14391000  5.00000000     0.9993092D+00     0.1000000D+01
  702 -0.14367000  5.00000000     0.9993063D+00     0.1000000D+01
  703  0.62723000  5.00000000     0.9990862D+00     0.1000000D+01
  704  0.62755000  5.00000000     0.9990891D+00     0.1000000D+01
  705  0.62785000  5.00000000     0.9990930D+00     0.1000000D+01
  706 -0.29696000  5.00000000     0.9998557D+00     0.1000000D+01
  707 -0.29664000  5.00000000     0.9998576D+00     0.1000000D+01
  708 -0.29627000  5.00000000     0.9998605D+00     0.1000000D+01
  709 -0.25699000  5.00000000     0.9999950D+00     0.1000000D+01
  710 -0.25675000  5.00000000     0.9999959D+00     0.1000000D+01
  711 -0.25643000  5.00000000     0.9999959D+00     0.1000000D+01
  712  0.54437000  5.00000000     0.9982913D+00     0.1000000D+01
  713  0.54461000  5.00000000     0.9982923D+00     0.1000000D+01
  714  0.54484000  5.00000000     0.9982942D+00     0.1000000D+01
  715 -0.07061000  5.00000000     0.9983984D+00     0.1000000D+01
  716 -0.07041000  5.00000000     0.9983965D+00     0.1000000D+01
  717 -0.07020000  5.00000000     0.9983946D+00     0.1000000D+01
  718 -0.00132000  5.00000000     0.7813888D+00     0.1000000D+01
  719 -0.00103000  5.00000000     0.7804548D+00     0.1000000D+01
  720 -0.00086000  5.00000000     0.7799073D+00     0.1000000D+01
  721  0.00090000  5.00000000     0.7800360D+00     0.1000000D+01
  722  0.00109000  5.00000000     0.7806481D+00     0.1000000D+01
  723  0.00125000  5.00000000     0.7811633D+00     0.1000000D+01
  724  0.00141000  5.00000000     0.7816787D+00     0.1000000D+01
  725  0.00157000  5.00000000     0.7821940D+00     0.1000000D+01
  726  0.00179000  5.00000000     0.7829026D+00     0.1000000D+01
  727  0.00195000  5.00000000     0.7834180D+00     0.1000000D+01
  728  0.00208000  5.00000000     0.7820204D+00     0.1000000D+01
  729  0.00224000  5.00000000     0.7821780D+00     0.1000000D+01
  730  0.00246000  5.00000000     0.7832490D+00     0.1000000D+01
  731  0.00283000  5.00000000     0.7852476D+00     0.1000000D+01
  732  0.00305000  5.00000000     0.7865471D+00     0.1000000D+01
  733  0.00332000  5.00000000     0.7883914D+00     0.1000000D+01
  734  0.00361000  5.00000000     0.7905959D+00     0.1000000D+01
  735  0.00380000  5.00000000     0.7920624D+00     0.1000000D+01
  736  0.00404000  5.00000000     0.7939398D+00     0.1000000D+01
  737  0.00425000  5.00000000     0.7956056D+00     0.1000000D+01
  738  0.00465000  5.00000000     0.7988379D+00     0.1000000D+01
  739  0.00489000  5.00000000     0.8008146D+00     0.1000000D+01
  740  0.00516000  5.00000000     0.8030719D+00     0.1000000D+01
  741  0.00543000  5.00000000     0.8052168D+00     0.1000000D+01
  742  0.00570000  5.00000000     0.8075821D+00     0.1000000D+01
  743  0.00586000  5.00000000     0.8090030D+00     0.1000000D+01
  744  0.00618000  5.00000000     0.8118858D+00     0.1000000D+01
  745  0.00645000  5.00000000     0.8143826D+00     0.1000000D+01
  746  0.00682000  5.00000000     0.8179252D+00     0.1000000D+01
  747  0.00706000  5.00000000     0.8202350D+00     0.1000000D+01
  748  0.00730000  5.00000000     0.8225544D+00     0.1000000D+01
  749  0.00757000  5.00000000     0.8251750D+00     0.1000000D+01
  750  0.00787000  5.00000000     0.8281007D+00     0.1000000D+01
  751  0.00813000  5.00000000     0.8306483D+00     0.1000000D+01
  752  0.00848000  5.00000000     0.8340954D+00     0.1000000D+01
  753  0.00888000  5.00000000     0.8380596D+00     0.1000000D+01
  754  0.00926000  5.00000000     0.8418497D+00     0.1000000D+01
  755  0.00953000  5.00000000     0.8445573D+00     0.1000000D+01
  756  0.04214000  5.00000000     0.9981880D+00     0.1000000D+01
  757  0.04273000  5.00000000     0.9981919D+00     0.1000000D+01
  758  0.04326000  5.00000000     0.9981958D+00     0.1000000D+01
  759  0.50647000  5.00000000     0.9726708D+00     0.1000000D+01
  760  0.50666000  5.00000000     0.9728903D+00     0.1000000D+01
  761  0.50688000  5.00000000     0.9731492D+00     0.1000000D+01
  762  0.50524000  5.00000000     0.9714244D+00     0.1000000D+01
  763  0.50554000  5.00000000     0.9717048D+00     0.1000000D+01
  764  0.50581000  5.00000000     0.9719700D+00     0.1000000D+01
  765 -0.22604000  5.00000000     0.9999989D+00     0.1000000D+01
  766 -0.22580000  5.00000000     0.9999989D+00     0.1000000D+01
  767 -0.22556000  5.00000000     0.9999989D+00     0.1000000D+01
  768 -0.18837000  5.00000000     0.9997700D+00     0.1000000D+01
  769 -0.18816000  5.00000000     0.9997680D+00     0.1000000D+01
  770 -0.18800000  5.00000000     0.9997661D+00     0.1000000D+01
  771  0.53981000  5.00000000     0.9982631D+00     0.1000000D+01
  772  0.54018000  5.00000000     0.9982650D+00     0.1000000D+01
  773  0.54051000  5.00000000     0.9982669D+00     0.1000000D+01
  774  0.54388000  5.00000000     0.9982884D+00     0.1000000D+01
  775  0.54439000  5.00000000     0.9982913D+00     0.1000000D+01
  776  0.54468000  5.00000000     0.9982932D+00     0.1000000D+01
  777 -0.07894000  5.00000000     0.9984773D+00     0.1000000D+01
  778 -0.07860000  5.00000000     0.9984744D+00     0.1000000D+01
  779 -0.07835000  5.00000000     0.9984715D+00     0.1000000D+01
  780 -0.04094000  5.00000000     0.9981793D+00     0.1000000D+01
  781 -0.04067000  5.00000000     0.9981773D+00     0.1000000D+01
  782 -0.04040000  5.00000000     0.9981754D+00     0.1000000D+01
  783  0.11501000  5.00000000     0.9989449D+00     0.1000000D+01
  784  0.11525000  5.00000000     0.9989488D+00     0.1000000D+01
  785  0.11548000  5.00000000     0.9989517D+00     0.1000000D+01
  786  0.22958000  5.00000000     0.9999998D+00     0.1000000D+01
  787  0.23007000  5.00000000     0.9999998D+00     0.1000000D+01
  788  0.23033000  5.00000000     0.9999998D+00     0.1000000D+01
  789  0.34538000  5.00000000     0.9993774D+00     0.1000000D+01
  790  0.34563000  5.00000000     0.9993745D+00     0.1000000D+01
  791  0.34601000  5.00000000     0.9993716D+00     0.1000000D+01
  792  0.45963000  5.00000000     0.9982660D+00     0.1000000D+01
  793  0.45995000  5.00000000     0.9982640D+00     0.1000000D+01
  794  0.46027000  5.00000000     0.9982621D+00     0.1000000D+01
  795  0.40802000  5.00000000     0.9986615D+00     0.1000000D+01
  796  0.40827000  5.00000000     0.9986595D+00     0.1000000D+01
  797  0.40841000  5.00000000     0.9986576D+00     0.1000000D+01
  798  0.40855000  5.00000000     0.9986556D+00     0.1000000D+01
  799  0.40875000  5.00000000     0.9986537D+00     0.1000000D+01
  800  0.40901000  5.00000000     0.9986507D+00     0.1000000D+01
  801  0.40926000  5.00000000     0.9986478D+00     0.1000000D+01
  802  0.40950000  5.00000000     0.9986449D+00     0.1000000D+01
  803  0.40984000  5.00000000     0.9986410D+00     0.1000000D+01
  804  0.41020000  5.00000000     0.9986371D+00     0.1000000D+01
  805  0.41037000  5.00000000     0.9986352D+00     0.1000000D+01
  806  0.41055000  5.00000000     0.9986332D+00     0.1000000D+01
  807  0.41083000  5.00000000     0.9986293D+00     0.1000000D+01
  808  0.41110000  5.00000000     0.9986264D+00     0.1000000D+01
  809  0.41135000  5.00000000     0.9986235D+00     0.1000000D+01
  810  0.41152000  5.00000000     0.9986215D+00     0.1000000D+01
  811  0.41172000  5.00000000     0.9986196D+00     0.1000000D+01
  812  0.41194000  5.00000000     0.9986166D+00     0.1000000D+01
  813  0.41210000  5.00000000     0.9986157D+00     0.1000000D+01
  814  0.41225000  5.00000000     0.9986137D+00     0.1000000D+01
  815  0.41241000  5.00000000     0.9986118D+00     0.1000000D+01
  816  0.41256000  5.00000000     0.9986098D+00     0.1000000D+01
  817  0.41280000  5.00000000     0.9986069D+00     0.1000000D+01
  818  0.41295000  5.00000000     0.9986059D+00     0.1000000D+01
  819  0.41312000  5.00000000     0.9986040D+00     0.1000000D+01
  820  0.41329000  5.00000000     0.9986020D+00     0.1000000D+01
  821  0.41348000  5.00000000     0.9985991D+00     0.1000000D+01
  822  0.41362000  5.00000000     0.9985981D+00     0.1000000D+01
  823  0.41378000  5.00000000     0.9985962D+00     0.1000000D+01
  824  0.41397000  5.00000000     0.9985942D+00     0.1000000D+01
  825  0.41411000  5.00000000     0.9985923D+00     0.1000000D+01
  826  0.41424000  5.00000000     0.9985903D+00     0.1000000D+01
  827  0.41437000  5.00000000     0.9985894D+00     0.1000000D+01
  828  0.41458000  5.00000000     0.9985874D+00     0.1000000D+01
  829  0.41473000  5.00000000     0.9985855D+00     0.1000000D+01
  830  0.41498000  5.00000000     0.9985826D+00     0.1000000D+01
  831  0.41518000  5.00000000     0.9985806D+00     0.1000000D+01
  832  0.41537000  5.00000000     0.9985777D+00     0.1000000D+01
  833  0.41551000  5.00000000     0.9985767D+00     0.1000000D+01
  834  0.41565000  5.00000000     0.9985748D+00     0.1000000D+01
  835  0.41584000  5.00000000     0.9985728D+00     0.1000000D+01
  836  0.41598000  5.00000000     0.9985709D+00     0.1000000D+01
  837 -0.26045000  5.00000000     0.9999920D+00     0.1000000D+01
  838 -0.26019000  5.00000000     0.9999920D+00     0.1000000D+01
  839 -0.25989000  5.00000000     0.9999920D+00     0.1000000D+01
  840 -0.25958000  5.00000000     0.9999930D+00     0.1000000D+01
  841 -0.25934000  5.00000000     0.9999930D+00     0.1000000D+01
  842 -0.18626000  5.00000000     0.9997476D+00     0.1000000D+01
  843 -0.18613000  5.00000000     0.9997466D+00     0.1000000D+01
  844 -0.18591000  5.00000000     0.9997437D+00     0.1000000D+01
  845 -0.18577000  5.00000000     0.9997427D+00     0.1000000D+01
  846 -0.18557000  5.00000000     0.9997398D+00     0.1000000D+01
  847 -0.18544000  5.00000000     0.9997388D+00     0.1000000D+01
  848 -0.18519000  5.00000000     0.9997359D+00     0.1000000D+01
  849 -0.15208000  5.00000000     0.9993969D+00     0.1000000D+01
  850 -0.15183000  5.00000000     0.9993940D+00     0.1000000D+01
  851 -0.15157000  5.00000000     0.9993920D+00     0.1000000D+01
  852 -0.15135000  5.00000000     0.9993891D+00     0.1000000D+01
  853 -0.10926000  5.00000000     0.9988641D+00     0.1000000D+01
  854 -0.10900000  5.00000000     0.9988602D+00     0.1000000D+01
  855 -0.10876000  5.00000000     0.9988572D+00     0.1000000D+01
  856 -0.10853000  5.00000000     0.9988543D+00     0.1000000D+01
  857 -0.10831000  5.00000000     0.9988514D+00     0.1000000D+01
  858 -0.07418000  5.00000000     0.9984306D+00     0.1000000D+01
  859 -0.07359000  5.00000000     0.9984257D+00     0.1000000D+01
  860 -0.07340000  5.00000000     0.9984238D+00     0.1000000D+01
  861 -0.07290000  5.00000000     0.9984189D+00     0.1000000D+01
  862 -0.03529000  5.00000000     0.9981393D+00     0.1000000D+01
  863 -0.03479000  5.00000000     0.9981364D+00     0.1000000D+01
  864 -0.03456000  5.00000000     0.9981345D+00     0.1000000D+01
  865 -0.03398000  5.00000000     0.9981306D+00     0.1000000D+01
  866 -0.03340000  5.00000000     0.9981267D+00     0.1000000D+01
  867 -0.00182000  5.00000000     0.7829992D+00     0.1000000D+01
  868 -0.00155000  5.00000000     0.7821296D+00     0.1000000D+01
  869 -0.00130000  5.00000000     0.7813245D+00     0.1000000D+01
  870 -0.00106000  5.00000000     0.7805514D+00     0.1000000D+01
  871 -0.00082000  5.00000000     0.7797784D+00     0.1000000D+01
  872 -0.00069000  5.00000000     0.7793597D+00     0.1000000D+01
  873 -0.00060000  5.00000000     0.7790698D+00     0.1000000D+01
  874 -0.00038000  5.00000000     0.7783613D+00     0.1000000D+01
  875 -0.00026000  5.00000000     0.7779748D+00     0.1000000D+01
  876 -0.00017000  5.00000000     0.7776849D+00     0.1000000D+01
  877  0.00004000  5.00000000     0.7772661D+00     0.1000000D+01
  878  0.00016000  5.00000000     0.7776526D+00     0.1000000D+01
  879  0.00026000  5.00000000     0.7779748D+00     0.1000000D+01
  880  0.00046000  5.00000000     0.7786189D+00     0.1000000D+01
  881  0.00057000  5.00000000     0.7789732D+00     0.1000000D+01
  882  0.00065000  5.00000000     0.7792309D+00     0.1000000D+01
  883  0.00114000  5.00000000     0.7808091D+00     0.1000000D+01
  884  0.00126000  5.00000000     0.7811956D+00     0.1000000D+01
  885  0.00134000  5.00000000     0.7814532D+00     0.1000000D+01
  886  0.00153000  5.00000000     0.7820652D+00     0.1000000D+01
  887  0.00166000  5.00000000     0.7824839D+00     0.1000000D+01
  888  0.00186000  5.00000000     0.7831281D+00     0.1000000D+01
  889  0.00197000  5.00000000     0.7815916D+00     0.1000000D+01
  890  0.00243000  5.00000000     0.7830978D+00     0.1000000D+01
  891  0.00256000  5.00000000     0.7837653D+00     0.1000000D+01
  892  0.00265000  5.00000000     0.7842452D+00     0.1000000D+01
  893  0.00287000  5.00000000     0.7854778D+00     0.1000000D+01
  894  0.00298000  5.00000000     0.7861249D+00     0.1000000D+01
  895  0.00318000  5.00000000     0.7873522D+00     0.1000000D+01
  896  0.00331000  5.00000000     0.7883161D+00     0.1000000D+01
  897  0.00351000  5.00000000     0.7898311D+00     0.1000000D+01
  898  0.00364000  5.00000000     0.7908262D+00     0.1000000D+01
  899  0.00386000  5.00000000     0.7925291D+00     0.1000000D+01
  900  0.00397000  5.00000000     0.7933894D+00     0.1000000D+01
  901  0.00460000  5.00000000     0.7984297D+00     0.1000000D+01
  902  0.00473000  5.00000000     0.7994937D+00     0.1000000D+01
  903  0.00498000  5.00000000     0.8015631D+00     0.1000000D+01
  904  0.00511000  5.00000000     0.8026512D+00     0.1000000D+01
  905  0.00531000  5.00000000     0.8041790D+00     0.1000000D+01
  906  0.00545000  5.00000000     0.8053905D+00     0.1000000D+01
  907  0.00567000  5.00000000     0.8073173D+00     0.1000000D+01
  908  0.00581000  5.00000000     0.8085575D+00     0.1000000D+01
  909  0.00632000  5.00000000     0.8131635D+00     0.1000000D+01
  910  0.00644000  5.00000000     0.8142871D+00     0.1000000D+01
  911  0.00666000  5.00000000     0.8163905D+00     0.1000000D+01
  912  0.00680000  5.00000000     0.8177331D+00     0.1000000D+01
  913  0.00700000  5.00000000     0.8196567D+00     0.1000000D+01
  914  0.00712000  5.00000000     0.8208140D+00     0.1000000D+01
  915  0.00734000  5.00000000     0.8229419D+00     0.1000000D+01
  916  0.00746000  5.00000000     0.8241059D+00     0.1000000D+01
  917  0.00804000  5.00000000     0.8297652D+00     0.1000000D+01
  918  0.00816000  5.00000000     0.8309430D+00     0.1000000D+01
  919  0.00838000  5.00000000     0.8331085D+00     0.1000000D+01
  920  0.00851000  5.00000000     0.8343918D+00     0.1000000D+01
  921  0.00872000  5.00000000     0.8364707D+00     0.1000000D+01
  922  0.00885000  5.00000000     0.8377613D+00     0.1000000D+01
  923  0.00905000  5.00000000     0.8397522D+00     0.1000000D+01
  924  0.00919000  5.00000000     0.8411497D+00     0.1000000D+01
  925  0.04187000  5.00000000     0.9981861D+00     0.1000000D+01
  926  0.04212000  5.00000000     0.9981880D+00     0.1000000D+01
  927  0.04240000  5.00000000     0.9981900D+00     0.1000000D+01
  928  0.04266000  5.00000000     0.9981919D+00     0.1000000D+01
  929 -0.09255000  5.00000000     0.9986468D+00     0.1000000D+01
  930 -0.09200000  5.00000000     0.9986390D+00     0.1000000D+01
  931 -0.09155000  5.00000000     0.9986332D+00     0.1000000D+01
  932 -0.05238000  5.00000000     0.9982640D+00     0.1000000D+01
  933 -0.05210000  5.00000000     0.9982621D+00     0.1000000D+01
  934 -0.05171000  5.00000000     0.9982592D+00     0.1000000D+01
  935  0.14108000  5.00000000     0.9992771D+00     0.1000000D+01
  936  0.14163000  5.00000000     0.9992829D+00     0.1000000D+01
  937  0.14506000  5.00000000     0.9993219D+00     0.1000000D+01
  938 -0.16688000  5.00000000     0.9995410D+00     0.1000000D+01
  939 -0.16632000  5.00000000     0.9995352D+00     0.1000000D+01
  940 -0.16345000  5.00000000     0.9995079D+00     0.1000000D+01
  941 -0.16290000  5.00000000     0.9995031D+00     0.1000000D+01
  942 -0.20714000  5.00000000     0.9999258D+00     0.1000000D+01
  943 -0.20371000  5.00000000     0.9999034D+00     0.1000000D+01
  944 -0.20028000  5.00000000     0.9998800D+00     0.1000000D+01
  945 -0.27925000  5.00000000     0.9999628D+00     0.1000000D+01
  946 -0.27870000  5.00000000     0.9999648D+00     0.1000000D+01
  947 -0.27583000  5.00000000     0.9999774D+00     0.1000000D+01
  948 -0.27528000  5.00000000     0.9999794D+00     0.1000000D+01
  949 -0.00641000  5.00000000     0.8140010D+00     0.1000000D+01
  950 -0.00354000  5.00000000     0.7900600D+00     0.1000000D+01
  951 -0.00299000  5.00000000     0.7861847D+00     0.1000000D+01
  952 -0.00011000  5.00000000     0.7774916D+00     0.1000000D+01
  953  0.00044000  5.00000000     0.7785545D+00     0.1000000D+01
  954  0.00332000  5.00000000     0.7883914D+00     0.1000000D+01
  955  0.00387000  5.00000000     0.7926071D+00     0.1000000D+01
  956 -0.06123000  5.00000000     0.9983234D+00     0.1000000D+01
  957 -0.05781000  5.00000000     0.9983001D+00     0.1000000D+01
  958 -0.05438000  5.00000000     0.9982777D+00     0.1000000D+01
  959 -0.05383000  5.00000000     0.9982747D+00     0.1000000D+01
  960 -0.00880000  5.00000000     0.8372646D+00     0.1000000D+01
  961  0.44357000  5.00000000     0.9983634D+00     0.1000000D+01
  962  0.44644000  5.00000000     0.9983497D+00     0.1000000D+01
  963  0.45673000  5.00000000     0.9982845D+00     0.1000000D+01
  964 -0.22455000  5.00000000     0.9999979D+00     0.1000000D+01
  965 -0.22112000  5.00000000     0.9999920D+00     0.1000000D+01
  966 -0.21769000  5.00000000     0.9999716D+00     0.1000000D+01
  967 -0.21426000  5.00000000     0.9999648D+00     0.1000000D+01
  968  0.20020000  5.00000000     0.9998791D+00     0.1000000D+01
  969  0.20075000  5.00000000     0.9998830D+00     0.1000000D+01
  970  0.20363000  5.00000000     0.9999034D+00     0.1000000D+01
  971  0.20418000  5.00000000     0.9999063D+00     0.1000000D+01
  972  0.20705000  5.00000000     0.9999248D+00     0.1000000D+01
  973 -0.08717000  5.00000000     0.9985767D+00     0.1000000D+01
  974 -0.08662000  5.00000000     0.9985699D+00     0.1000000D+01
  975 -0.08032000  5.00000000     0.9984920D+00     0.1000000D+01
  976  0.54023000  5.00000000     0.9982650D+00     0.1000000D+01
  977  0.54365000  5.00000000     0.9982864D+00     0.1000000D+01
  978  0.54420000  5.00000000     0.9982903D+00     0.1000000D+01
  979  0.55393000  5.00000000     0.9983527D+00     0.1000000D+01
  980  0.55448000  5.00000000     0.9983566D+00     0.1000000D+01
  981  0.55736000  5.00000000     0.9983683D+00     0.1000000D+01
  982  0.55791000  5.00000000     0.9983712D+00     0.1000000D+01
  983  0.56079000  5.00000000     0.9983877D+00     0.1000000D+01
  984  0.56134000  5.00000000     0.9983907D+00     0.1000000D+01
  985  0.57107000  5.00000000     0.9984559D+00     0.1000000D+01
  986  0.57162000  5.00000000     0.9984598D+00     0.1000000D+01
  987  0.57449000  5.00000000     0.9984822D+00     0.1000000D+01
  988 -0.13763000  5.00000000     0.9992371D+00     0.1000000D+01
  989 -0.13708000  5.00000000     0.9992303D+00     0.1000000D+01
  990 -0.13421000  5.00000000     0.9991962D+00     0.1000000D+01
  991 -0.13366000  5.00000000     0.9991894D+00     0.1000000D+01
  992 -0.13078000  5.00000000     0.9991543D+00     0.1000000D+01
  993 -0.13023000  5.00000000     0.9991475D+00     0.1000000D+01
  994 -0.12050000  5.00000000     0.9990209D+00     0.1000000D+01
  995 -0.11995000  5.00000000     0.9990131D+00     0.1000000D+01
  996 -0.11707000  5.00000000     0.9989741D+00     0.1000000D+01
  997 -0.11652000  5.00000000     0.9989663D+00     0.1000000D+01
  998 -0.11364000  5.00000000     0.9989254D+00     0.1000000D+01
  999 -0.11309000  5.00000000     0.9989176D+00     0.1000000D+01
 1000 -0.10337000  5.00000000     0.9987871D+00     0.1000000D+01
 1001 -0.10281000  5.00000000     0.9987793D+00     0.1000000D+01
 1002 -0.09939000  5.00000000     0.9987355D+00     0.1000000D+01
 1003  0.29518000  5.00000000     0.9998683D+00     0.1000000D+01
 1004  0.29574000  5.00000000     0.9998644D+00     0.1000000D+01
 1005  0.29861000  5.00000000     0.9998430D+00     0.1000000D+01
 1006  0.29916000  5.00000000     0.9998391D+00     0.1000000D+01
 1007  0.30889000  5.00000000     0.9997505D+00     0.1000000D+01
 1008  0.30944000  5.00000000     0.9997446D+00     0.1000000D+01
 1009  0.31232000  5.00000000     0.9997125D+00     0.1000000D+01
 1010  0.31287000  5.00000000     0.9997066D+00     0.1000000D+01
 1011 -0.10164000  5.00000000     0.9987647D+00     0.1000000D+01
 1012 -0.09081000  5.00000000     0.9986235D+00     0.1000000D+01
 1013 -0.08794000  5.00000000     0.9985864D+00     0.1000000D+01
 1014 -0.08739000  5.00000000     0.9985796D+00     0.1000000D+01
 1015  0.29278000  5.00000000     0.9998849D+00     0.1000000D+01
 1016  0.54662000  5.00000000     0.9983049D+00     0.1000000D+01
 1017  0.54717000  5.00000000     0.9983088D+00     0.1000000D+01
 1018  0.19428000  5.00000000     0.9998333D+00     0.1000000D+01
 1019  0.61344000  5.00000000     0.9989167D+00     0.1000000D+01
 1020  0.61400000  5.00000000     0.9989235D+00     0.1000000D+01
 1021  0.61687000  5.00000000     0.9989595D+00     0.1000000D+01
 1022  0.61742000  5.00000000     0.9989673D+00     0.1000000D+01
 1023  0.62030000  5.00000000     0.9990024D+00     0.1000000D+01
 1024  0.62085000  5.00000000     0.9990092D+00     0.1000000D+01
 1025  0.05891000  5.00000000     0.9983069D+00     0.1000000D+01
 1026  0.05946000  5.00000000     0.9983108D+00     0.1000000D+01
 1027  0.06233000  5.00000000     0.9983312D+00     0.1000000D+01
 1028  0.06289000  5.00000000     0.9983361D+00     0.1000000D+01
 1029  0.36724000  5.00000000     0.9991495D+00     0.1000000D+01
 1030  0.36780000  5.00000000     0.9991426D+00     0.1000000D+01
 1031  0.46342000  5.00000000     0.9982426D+00     0.1000000D+01
 1032  0.46397000  5.00000000     0.9982397D+00     0.1000000D+01
 1033  0.26518000  5.00000000     0.9999862D+00     0.1000000D+01
 1034  0.26573000  5.00000000     0.9999852D+00     0.1000000D+01
 1035  0.27546000  5.00000000     0.9999784D+00     0.1000000D+01
 1036  0.27601000  5.00000000     0.9999765D+00     0.1000000D+01
 1037  0.56725000  5.00000000     0.9984286D+00     0.1000000D+01
 1038  0.56780000  5.00000000     0.9984325D+00     0.1000000D+01
 1039  0.57068000  5.00000000     0.9984530D+00     0.1000000D+01
 1040  0.06279000  5.00000000     0.9983351D+00     0.1000000D+01
 1041  0.20157000  5.00000000     0.9998888D+00     0.1000000D+01
 1042  0.20444000  5.00000000     0.9999083D+00     0.1000000D+01
                 0.0                 0.0
