     0.99111000     5.00000000       0.8604591D+33
     0.99134000     5.00000000       0.8581155D+33
     0.99157000     5.00000000       0.8557807D+33
     0.99172000     5.00000000       0.8542628D+33
     0.99196000     5.00000000       0.8518421D+33
     0.99215000     5.00000000       0.8499326D+33
     0.99238000     5.00000000       0.8476292D+33
     0.99257000     5.00000000       0.8457332D+33
     0.99277000     5.00000000       0.8437439D+33
     0.99300000     5.00000000       0.8414646D+33
     0.99323000     5.00000000       0.8391942D+33
     0.99338000     5.00000000       0.8377183D+33
     0.99361000     5.00000000       0.8354626D+33
     0.99381000     5.00000000       0.8335804D+33
     0.99400000     5.00000000       0.8318155D+33
     0.99419000     5.00000000       0.8300701D+33
     0.99439000     5.00000000       0.8282546D+33
     0.99458000     5.00000000       0.8265513D+33
     0.99473000     5.00000000       0.8252219D+33
     0.99496000     5.00000000       0.8234042D+33
     0.99516000     5.00000000       0.8216961D+33
     0.99535000     5.00000000       0.8200919D+33
     0.99558000     5.00000000       0.8181742D+33
     0.99581000     5.00000000       0.8162828D+33
     0.22164000     5.00000000       0.1026602D+34
     0.22187000     5.00000000       0.1026603D+34
     0.22206000     5.00000000       0.1026604D+34
     0.22225000     5.00000000       0.1026604D+34
     0.22245000     5.00000000       0.1026604D+34
     0.22264000     5.00000000       0.1026604D+34
     0.22291000     5.00000000       0.1026604D+34
     0.22310000     5.00000000       0.1026604D+34
     0.22333000     5.00000000       0.1026604D+34
     0.22349000     5.00000000       0.1026604D+34
     0.22372000     5.00000000       0.1026604D+34
     0.22391000     5.00000000       0.1026604D+34
     0.22410000     5.00000000       0.1026604D+34
     0.22430000     5.00000000       0.1026604D+34
     0.22453000     5.00000000       0.1026604D+34
     0.22472000     5.00000000       0.1026604D+34
     0.22495000     5.00000000       0.1026604D+34
     0.22518000     5.00000000       0.1026605D+34
     0.22534000     5.00000000       0.1026605D+34
     0.22553000     5.00000000       0.1026605D+34
     0.33692000     5.00000000       0.1026047D+34
     0.33715000     5.00000000       0.1026045D+34
     0.33742000     5.00000000       0.1026042D+34
     0.33762000     5.00000000       0.1026041D+34
     0.33781000     5.00000000       0.1026039D+34
     0.33804000     5.00000000       0.1026037D+34
     0.41604000     5.00000000       0.1025139D+34
     0.41631000     5.00000000       0.1025135D+34
     0.41650000     5.00000000       0.1025133D+34
     0.41674000     5.00000000       0.1025130D+34
     0.41693000     5.00000000       0.1025128D+34
     0.41712000     5.00000000       0.1025126D+34
     0.41735000     5.00000000       0.1025123D+34
     0.41758000     5.00000000       0.1025121D+34
     0.41781000     5.00000000       0.1025118D+34
     0.41808000     5.00000000       0.1025115D+34
     0.41828000     5.00000000       0.1025112D+34
     0.41851000     5.00000000       0.1025110D+34
     0.41874000     5.00000000       0.1025108D+34
     0.41893000     5.00000000       0.1025106D+34
     0.41913000     5.00000000       0.1025104D+34
     0.41936000     5.00000000       0.1025102D+34
     0.41959000     5.00000000       0.1025100D+34
     0.41978000     5.00000000       0.1025098D+34
     0.42005000     5.00000000       0.1025096D+34
     0.42028000     5.00000000       0.1025094D+34
     0.42048000     5.00000000       0.1025092D+34
     0.42071000     5.00000000       0.1025090D+34
     0.42098000     5.00000000       0.1025087D+34
     0.42121000     5.00000000       0.1025085D+34
     0.42148000     5.00000000       0.1025083D+34
     0.44935000     5.00000000       0.1024893D+34
     0.44962000     5.00000000       0.1024891D+34
     0.44986000     5.00000000       0.1024889D+34
     0.45009000     5.00000000       0.1024888D+34
     0.45032000     5.00000000       0.1024886D+34
     0.45055000     5.00000000       0.1024885D+34
     0.45078000     5.00000000       0.1024883D+34
     0.45101000     5.00000000       0.1024882D+34
     0.45128000     5.00000000       0.1024880D+34
     0.45147000     5.00000000       0.1024879D+34
     0.45174000     5.00000000       0.1024877D+34
     0.45198000     5.00000000       0.1024875D+34
     0.45217000     5.00000000       0.1024874D+34
     0.45240000     5.00000000       0.1024873D+34
     0.45259000     5.00000000       0.1024871D+34
     0.45286000     5.00000000       0.1024870D+34
     0.29868000     5.00000000       0.1026445D+34
     0.29873000     5.00000000       0.1026444D+34
     0.29878000     5.00000000       0.1026444D+34
     0.29883000     5.00000000       0.1026444D+34
     0.29899000     5.00000000       0.1026442D+34
     0.29904000     5.00000000       0.1026442D+34
     0.29910000     5.00000000       0.1026442D+34
     0.29996000     5.00000000       0.1026435D+34
     0.30020000     5.00000000       0.1026433D+34
     0.30025000     5.00000000       0.1026432D+34
     0.30029000     5.00000000       0.1026432D+34
     0.30035000     5.00000000       0.1026432D+34
     0.30041000     5.00000000       0.1026431D+34
     0.30053000     5.00000000       0.1026430D+34
     0.30059000     5.00000000       0.1026430D+34
     0.30066000     5.00000000       0.1026429D+34
     0.30070000     5.00000000       0.1026429D+34
     0.37479000     5.00000000       0.1025643D+34
     0.37485000     5.00000000       0.1025642D+34
     0.37490000     5.00000000       0.1025642D+34
     0.37495000     5.00000000       0.1025641D+34
     0.37500000     5.00000000       0.1025641D+34
     0.37504000     5.00000000       0.1025640D+34
     0.37520000     5.00000000       0.1025638D+34
     0.37526000     5.00000000       0.1025637D+34
     0.37530000     5.00000000       0.1025637D+34
     0.37534000     5.00000000       0.1025636D+34
     0.37538000     5.00000000       0.1025636D+34
     0.37627000     5.00000000       0.1025625D+34
     0.37631000     5.00000000       0.1025624D+34
     0.37636000     5.00000000       0.1025624D+34
     0.37643000     5.00000000       0.1025623D+34
     0.37648000     5.00000000       0.1025622D+34
     0.37689000     5.00000000       0.1025617D+34
     0.37694000     5.00000000       0.1025617D+34
     0.37705000     5.00000000       0.1025615D+34
     0.37787000     5.00000000       0.1025605D+34
     0.37804000     5.00000000       0.1025603D+34
     0.37816000     5.00000000       0.1025601D+34
     0.37822000     5.00000000       0.1025601D+34
     0.37828000     5.00000000       0.1025600D+34
     0.41486000     5.00000000       0.1025152D+34
     0.41491000     5.00000000       0.1025152D+34
     0.41497000     5.00000000       0.1025151D+34
     0.41501000     5.00000000       0.1025151D+34
     0.41505000     5.00000000       0.1025150D+34
     0.41509000     5.00000000       0.1025150D+34
     0.41513000     5.00000000       0.1025149D+34
     0.41518000     5.00000000       0.1025149D+34
     0.41522000     5.00000000       0.1025148D+34
     0.41571000     5.00000000       0.1025142D+34
     0.41577000     5.00000000       0.1025142D+34
     0.41582000     5.00000000       0.1025141D+34
     0.41587000     5.00000000       0.1025140D+34
     0.41592000     5.00000000       0.1025140D+34
     0.41596000     5.00000000       0.1025139D+34
     0.41601000     5.00000000       0.1025139D+34
     0.41606000     5.00000000       0.1025138D+34
     0.41663000     5.00000000       0.1025132D+34
     0.41675000     5.00000000       0.1025130D+34
     0.41682000     5.00000000       0.1025129D+34
     0.41688000     5.00000000       0.1025129D+34
     0.41694000     5.00000000       0.1025128D+34
     0.41704000     5.00000000       0.1025127D+34
     0.41711000     5.00000000       0.1025126D+34
     0.41717000     5.00000000       0.1025125D+34
     0.41723000     5.00000000       0.1025125D+34
     0.41795000     5.00000000       0.1025116D+34
     0.41802000     5.00000000       0.1025115D+34
     0.38357000     5.00000000       0.1025533D+34
     0.38360000     5.00000000       0.1025532D+34
     0.38363000     5.00000000       0.1025532D+34
     0.38366000     5.00000000       0.1025532D+34
     0.38371000     5.00000000       0.1025531D+34
     0.38375000     5.00000000       0.1025530D+34
     0.38378000     5.00000000       0.1025530D+34
     0.42008000     5.00000000       0.1025095D+34
     0.42020000     5.00000000       0.1025094D+34
     0.42031000     5.00000000       0.1025093D+34
     0.42040000     5.00000000       0.1025093D+34
     0.42049000     5.00000000       0.1025092D+34
     0.42059000     5.00000000       0.1025091D+34
     0.42068000     5.00000000       0.1025090D+34
     0.42078000     5.00000000       0.1025089D+34
     0.42211000     5.00000000       0.1025077D+34
     0.42245000     5.00000000       0.1025074D+34
     0.42256000     5.00000000       0.1025073D+34
     0.42267000     5.00000000       0.1025072D+34
     0.42278000     5.00000000       0.1025071D+34
     0.42283000     5.00000000       0.1025071D+34
     0.42443000     5.00000000       0.1025057D+34
     0.42454000     5.00000000       0.1025056D+34
     0.42466000     5.00000000       0.1025055D+34
     0.42481000     5.00000000       0.1025054D+34
     0.42508000     5.00000000       0.1025052D+34
     0.42518000     5.00000000       0.1025051D+34
     0.42531000     5.00000000       0.1025050D+34
     0.42556000     5.00000000       0.1025048D+34
     0.42663000     5.00000000       0.1025039D+34
     0.42680000     5.00000000       0.1025038D+34
     0.42687000     5.00000000       0.1025037D+34
     0.42696000     5.00000000       0.1025036D+34
     0.36798000     5.00000000       0.1025724D+34
     0.36808000     5.00000000       0.1025723D+34
     0.36817000     5.00000000       0.1025722D+34
     0.36820000     5.00000000       0.1025722D+34
     0.36833000     5.00000000       0.1025720D+34
     0.36842000     5.00000000       0.1025719D+34
     0.36862000     5.00000000       0.1025717D+34
     0.36880000     5.00000000       0.1025715D+34
     0.36903000     5.00000000       0.1025712D+34
     0.36934000     5.00000000       0.1025708D+34
     0.36949000     5.00000000       0.1025707D+34
     0.36962000     5.00000000       0.1025705D+34
     0.36979000     5.00000000       0.1025703D+34
     0.36997000     5.00000000       0.1025701D+34
     0.37011000     5.00000000       0.1025699D+34
     0.52276000     5.00000000       0.1023109D+34
     0.52290000     5.00000000       0.1023239D+34
     0.52305000     5.00000000       0.1023373D+34
     0.52322000     5.00000000       0.1023518D+34
     0.52337000     5.00000000       0.1023640D+34
     0.52367000     5.00000000       0.1023869D+34
     0.52384000     5.00000000       0.1023988D+34
     0.52413000     5.00000000       0.1024174D+34
     0.52429000     5.00000000       0.1024014D+34
     0.59881000     5.00000000       0.1025313D+34
     0.59896000     5.00000000       0.1025315D+34
     0.59910000     5.00000000       0.1025317D+34
     0.59927000     5.00000000       0.1025319D+34
     0.59943000     5.00000000       0.1025321D+34
     0.59969000     5.00000000       0.1025324D+34
     0.59984000     5.00000000       0.1025326D+34
     0.59999000     5.00000000       0.1025327D+34
     0.60013000     5.00000000       0.1025329D+34
     0.60027000     5.00000000       0.1025331D+34
     0.60345000     5.00000000       0.1025369D+34
     0.60358000     5.00000000       0.1025370D+34
     0.60375000     5.00000000       0.1025372D+34
     0.60404000     5.00000000       0.1025376D+34
     0.60418000     5.00000000       0.1025377D+34
     0.60434000     5.00000000       0.1025379D+34
     0.60461000     5.00000000       0.1025383D+34
     0.60476000     5.00000000       0.1025384D+34
     0.60490000     5.00000000       0.1025386D+34
     0.86874000     5.00000000       0.1025744D+34
     0.86898000     5.00000000       0.1025741D+34
     0.86912000     5.00000000       0.1025739D+34
     0.86926000     5.00000000       0.1025737D+34
     0.86951000     5.00000000       0.1025734D+34
     0.86957000     5.00000000       0.1025733D+34
     0.86969000     5.00000000       0.1025732D+34
     0.86982000     5.00000000       0.1025730D+34
     0.86996000     5.00000000       0.1025728D+34
     0.87027000     5.00000000       0.1025724D+34
     0.87042000     5.00000000       0.1025722D+34
     0.87058000     5.00000000       0.1025720D+34
     0.87303000     5.00000000       0.1025688D+34
     0.87315000     5.00000000       0.1025687D+34
     0.87328000     5.00000000       0.1025685D+34
     0.87342000     5.00000000       0.1025683D+34
     0.87354000     5.00000000       0.1025681D+34
     0.87376000     5.00000000       0.1025678D+34
     0.87389000     5.00000000       0.1025677D+34
     0.87401000     5.00000000       0.1025675D+34
     0.90828000     5.00000000       0.1025205D+34
     0.90842000     5.00000000       0.1025204D+34
     0.90856000     5.00000000       0.1025202D+34
     0.90871000     5.00000000       0.1025200D+34
     0.90883000     5.00000000       0.1025198D+34
     0.90909000     5.00000000       0.1025195D+34
     0.90936000     5.00000000       0.1025191D+34
     0.90947000     5.00000000       0.1025190D+34
     0.90956000     5.00000000       0.1025188D+34
     0.90969000     5.00000000       0.1025187D+34
     0.90974000     5.00000000       0.1025186D+34
     0.90986000     5.00000000       0.1025184D+34
     0.91254000     5.00000000       0.1025149D+34
     0.91264000     5.00000000       0.1025148D+34
     0.91276000     5.00000000       0.1025146D+34
     0.91289000     5.00000000       0.1025144D+34
     0.91308000     5.00000000       0.1025142D+34
     0.91323000     5.00000000       0.1025140D+34
     0.91336000     5.00000000       0.1025138D+34
     0.91352000     5.00000000       0.1025136D+34
     0.13960000     5.00000000       0.1025846D+34
     0.13973000     5.00000000       0.1025848D+34
     0.13988000     5.00000000       0.1025850D+34
     0.14001000     5.00000000       0.1025851D+34
     0.14014000     5.00000000       0.1025853D+34
     0.14035000     5.00000000       0.1025855D+34
     0.14048000     5.00000000       0.1025857D+34
     0.14063000     5.00000000       0.1025859D+34
     0.14075000     5.00000000       0.1025860D+34
     0.14083000     5.00000000       0.1025861D+34
     0.37283000     5.00000000       0.1025667D+34
     0.37307000     5.00000000       0.1025664D+34
     0.37319000     5.00000000       0.1025663D+34
     0.37338000     5.00000000       0.1025660D+34
     0.37349000     5.00000000       0.1025659D+34
     0.37359000     5.00000000       0.1025658D+34
     0.37371000     5.00000000       0.1025656D+34
     0.40844000     5.00000000       0.1025228D+34
     0.40856000     5.00000000       0.1025226D+34
     0.40861000     5.00000000       0.1025226D+34
     0.40865000     5.00000000       0.1025225D+34
     0.40876000     5.00000000       0.1025224D+34
     0.40904000     5.00000000       0.1025220D+34
     0.40912000     5.00000000       0.1025220D+34
     0.40919000     5.00000000       0.1025219D+34
     0.40932000     5.00000000       0.1025217D+34
     0.40939000     5.00000000       0.1025216D+34
     0.40982000     5.00000000       0.1025211D+34
     0.40997000     5.00000000       0.1025210D+34
     0.41002000     5.00000000       0.1025209D+34
     0.41003000     5.00000000       0.1025209D+34
     0.41008000     5.00000000       0.1025208D+34
     0.41022000     5.00000000       0.1025207D+34
     0.41042000     5.00000000       0.1025204D+34
     0.41048000     5.00000000       0.1025204D+34
     0.41054000     5.00000000       0.1025203D+34
     0.41066000     5.00000000       0.1025201D+34
     0.41073000     5.00000000       0.1025201D+34
     0.41079000     5.00000000       0.1025200D+34
     0.41084000     5.00000000       0.1025199D+34
     0.41096000     5.00000000       0.1025198D+34
     0.41108000     5.00000000       0.1025196D+34
     0.41116000     5.00000000       0.1025196D+34
     0.41120000     5.00000000       0.1025195D+34
     0.41132000     5.00000000       0.1025194D+34
     0.41137000     5.00000000       0.1025193D+34
     0.41143000     5.00000000       0.1025192D+34
     0.41155000     5.00000000       0.1025191D+34
     0.41167000     5.00000000       0.1025190D+34
     0.41174000     5.00000000       0.1025189D+34
     0.41179000     5.00000000       0.1025188D+34
     0.41191000     5.00000000       0.1025187D+34
     0.41197000     5.00000000       0.1025186D+34
     0.41202000     5.00000000       0.1025185D+34
     0.41218000     5.00000000       0.1025184D+34
     0.41230000     5.00000000       0.1025182D+34
     0.41236000     5.00000000       0.1025181D+34
     0.41242000     5.00000000       0.1025181D+34
     0.41253000     5.00000000       0.1025179D+34
     0.41260000     5.00000000       0.1025179D+34
     0.41265000     5.00000000       0.1025178D+34
     0.41278000     5.00000000       0.1025177D+34
     0.41297000     5.00000000       0.1025174D+34
     0.41302000     5.00000000       0.1025174D+34
     0.41317000     5.00000000       0.1025172D+34
     0.41326000     5.00000000       0.1025171D+34
     0.41339000     5.00000000       0.1025169D+34
     0.41449000     5.00000000       0.1025157D+34
     0.41456000     5.00000000       0.1025156D+34
     0.41463000     5.00000000       0.1025155D+34
     0.41481000     5.00000000       0.1025153D+34
     0.41487000     5.00000000       0.1025152D+34
     0.41492000     5.00000000       0.1025152D+34
     0.41503000     5.00000000       0.1025150D+34
     0.41518000     5.00000000       0.1025149D+34
     0.41524000     5.00000000       0.1025148D+34
     0.41529000     5.00000000       0.1025147D+34
     0.41544000     5.00000000       0.1025145D+34
     0.41550000     5.00000000       0.1025145D+34
     0.41554000     5.00000000       0.1025144D+34
     0.41571000     5.00000000       0.1025142D+34
     0.41588000     5.00000000       0.1025140D+34
     0.41594000     5.00000000       0.1025140D+34
     0.41601000     5.00000000       0.1025139D+34
     0.41615000     5.00000000       0.1025137D+34
     0.41623000     5.00000000       0.1025136D+34
     0.41641000     5.00000000       0.1025134D+34
     0.41648000     5.00000000       0.1025133D+34
     0.41663000     5.00000000       0.1025132D+34
     0.41670000     5.00000000       0.1025131D+34
     0.41691000     5.00000000       0.1025128D+34
     0.40668000     5.00000000       0.1025248D+34
     0.40677000     5.00000000       0.1025247D+34
     0.40684000     5.00000000       0.1025246D+34
     0.40693000     5.00000000       0.1025245D+34
     0.40700000     5.00000000       0.1025244D+34
     0.40719000     5.00000000       0.1025242D+34
     0.40726000     5.00000000       0.1025241D+34
     0.40744000     5.00000000       0.1025239D+34
     0.40752000     5.00000000       0.1025238D+34
     0.40768000     5.00000000       0.1025236D+34
     0.40774000     5.00000000       0.1025236D+34
     0.40797000     5.00000000       0.1025233D+34
     0.40819000     5.00000000       0.1025230D+34
     0.40827000     5.00000000       0.1025230D+34
     0.40835000     5.00000000       0.1025229D+34
     0.40849000     5.00000000       0.1025227D+34
     0.40857000     5.00000000       0.1025226D+34
     0.40881000     5.00000000       0.1025223D+34
     0.40898000     5.00000000       0.1025221D+34
     0.40906000     5.00000000       0.1025220D+34
     0.40912000     5.00000000       0.1025220D+34
     0.40920000     5.00000000       0.1025219D+34
     0.40935000     5.00000000       0.1025217D+34
     0.40961000     5.00000000       0.1025214D+34
     0.40978000     5.00000000       0.1025212D+34
     0.40984000     5.00000000       0.1025211D+34
     0.40990000     5.00000000       0.1025210D+34
     0.41004000     5.00000000       0.1025209D+34
     0.41009000     5.00000000       0.1025208D+34
     0.41016000     5.00000000       0.1025207D+34
     0.41029000     5.00000000       0.1025206D+34
     0.41049000     5.00000000       0.1025203D+34
     0.41056000     5.00000000       0.1025203D+34
     0.41063000     5.00000000       0.1025202D+34
     0.41070000     5.00000000       0.1025201D+34
     0.41085000     5.00000000       0.1025199D+34
     0.41092000     5.00000000       0.1025198D+34
     0.41100000     5.00000000       0.1025197D+34
     0.41115000     5.00000000       0.1025196D+34
     0.41124000     5.00000000       0.1025195D+34
     0.41141000     5.00000000       0.1025193D+34
     0.41147000     5.00000000       0.1025192D+34
     0.41154000     5.00000000       0.1025191D+34
     0.41183000     5.00000000       0.1025188D+34
     0.41190000     5.00000000       0.1025187D+34
     0.41196000     5.00000000       0.1025186D+34
     0.41210000     5.00000000       0.1025185D+34
     0.41227000     5.00000000       0.1025183D+34
     0.41234000     5.00000000       0.1025182D+34
     0.41242000     5.00000000       0.1025181D+34
     0.41255000     5.00000000       0.1025179D+34
     0.41263000     5.00000000       0.1025178D+34
     0.41335000     5.00000000       0.1025170D+34
     0.41343000     5.00000000       0.1025169D+34
     0.41350000     5.00000000       0.1025168D+34
     0.41366000     5.00000000       0.1025166D+34
     0.41372000     5.00000000       0.1025166D+34
     0.41379000     5.00000000       0.1025165D+34
     0.41394000     5.00000000       0.1025163D+34
     0.41400000     5.00000000       0.1025162D+34
     0.41419000     5.00000000       0.1025160D+34
     0.41425000     5.00000000       0.1025159D+34
     0.41432000     5.00000000       0.1025159D+34
     0.41447000     5.00000000       0.1025157D+34
     0.41454000     5.00000000       0.1025156D+34
     0.41461000     5.00000000       0.1025155D+34
     0.41475000     5.00000000       0.1025154D+34
     0.41482000     5.00000000       0.1025153D+34
     0.41488000     5.00000000       0.1025152D+34
     0.41503000     5.00000000       0.1025150D+34
     0.41510000     5.00000000       0.1025149D+34
     0.41517000     5.00000000       0.1025149D+34
     0.41531000     5.00000000       0.1025147D+34
     0.41538000     5.00000000       0.1025146D+34
     0.41545000     5.00000000       0.1025145D+34
     0.41559000     5.00000000       0.1025144D+34
     0.41575000     5.00000000       0.1025142D+34
     0.41583000     5.00000000       0.1025141D+34
     0.41589000     5.00000000       0.1025140D+34
     0.41610000     5.00000000       0.1025138D+34
     0.41618000     5.00000000       0.1025137D+34
     0.41624000     5.00000000       0.1025136D+34
     0.41632000     5.00000000       0.1025135D+34
     0.41649000     5.00000000       0.1025133D+34
     0.41656000     5.00000000       0.1025132D+34
     0.41678000     5.00000000       0.1025130D+34
     0.41686000     5.00000000       0.1025129D+34
     0.41696000     5.00000000       0.1025128D+34
     0.41712000     5.00000000       0.1025126D+34
     0.41719000     5.00000000       0.1025125D+34
     0.41726000     5.00000000       0.1025124D+34
     0.41741000     5.00000000       0.1025123D+34
     0.41749000     5.00000000       0.1025122D+34
     0.41755000     5.00000000       0.1025121D+34
     0.41764000     5.00000000       0.1025120D+34
     0.41770000     5.00000000       0.1025119D+34
     0.41801000     5.00000000       0.1025116D+34
     0.41808000     5.00000000       0.1025115D+34
     0.41816000     5.00000000       0.1025114D+34
     0.41831000     5.00000000       0.1025112D+34
     0.41839000     5.00000000       0.1025111D+34
     0.41856000     5.00000000       0.1025110D+34
     0.41863000     5.00000000       0.1025109D+34
     0.41870000     5.00000000       0.1025108D+34
     0.41886000     5.00000000       0.1025107D+34
     0.41896000     5.00000000       0.1025106D+34
     0.41904000     5.00000000       0.1025105D+34
     0.41912000     5.00000000       0.1025104D+34
     0.41929000     5.00000000       0.1025103D+34
     0.41937000     5.00000000       0.1025102D+34
     0.52731000     5.00000000       0.1024746D+34
     0.52743000     5.00000000       0.1024747D+34
     0.52762000     5.00000000       0.1024748D+34
     0.52778000     5.00000000       0.1024749D+34
     0.52792000     5.00000000       0.1024750D+34
     0.52823000     5.00000000       0.1024751D+34
     0.52836000     5.00000000       0.1024752D+34
     0.52848000     5.00000000       0.1024753D+34
     0.52863000     5.00000000       0.1024754D+34
     0.52879000     5.00000000       0.1024755D+34
     0.56376000     5.00000000       0.1024969D+34
     0.56391000     5.00000000       0.1024970D+34
     0.56406000     5.00000000       0.1024971D+34
     0.56413000     5.00000000       0.1024972D+34
     0.56429000     5.00000000       0.1024973D+34
     0.56463000     5.00000000       0.1024975D+34
     0.56471000     5.00000000       0.1024975D+34
     0.98962000     5.00000000       0.8748390D+33
     0.98984000     5.00000000       0.8727486D+33
     0.98994000     5.00000000       0.8718180D+33
     0.99011000     5.00000000       0.8702640D+33
     0.99019000     5.00000000       0.8695450D+33
     0.99037000     5.00000000       0.8679558D+33
     0.99043000     5.00000000       0.8674348D+33
     0.99056000     5.00000000       0.8660998D+33
     0.99065000     5.00000000       0.8651733D+33
     0.99071000     5.00000000       0.8645564D+33
     0.99085000     5.00000000       0.8631193D+33
     0.99091000     5.00000000       0.8625044D+33
     0.99129000     5.00000000       0.8586242D+33
     0.99160000     5.00000000       0.8554768D+33
     0.99173000     5.00000000       0.8541618D+33
     0.99180000     5.00000000       0.8534548D+33
     0.99187000     5.00000000       0.8527487D+33
     0.99196000     5.00000000       0.8518421D+33
     0.99202000     5.00000000       0.8512384D+33
     0.99208000     5.00000000       0.8506354D+33
     0.99225000     5.00000000       0.8489300D+33
     0.99230000     5.00000000       0.8484294D+33
     0.99244000     5.00000000       0.8470298D+33
     0.99251000     5.00000000       0.8463313D+33
     0.99257000     5.00000000       0.8457332D+33
     0.99263000     5.00000000       0.8451357D+33
     0.99308000     5.00000000       0.8406739D+33
     0.99315000     5.00000000       0.8399829D+33
     0.99329000     5.00000000       0.8386034D+33
     0.99335000     5.00000000       0.8380131D+33
     0.99355000     5.00000000       0.8360502D+33
     0.99363000     5.00000000       0.8352696D+33
     0.99368000     5.00000000       0.8347987D+33
     0.99382000     5.00000000       0.8334870D+33
     0.99389000     5.00000000       0.8328349D+33
     0.99395000     5.00000000       0.8322781D+33
     0.99401000     5.00000000       0.8317231D+33
     0.99416000     5.00000000       0.8303444D+33
     0.99422000     5.00000000       0.8297963D+33
     0.99429000     5.00000000       0.8291595D+33
     0.99442000     5.00000000       0.8279843D+33
     0.99448000     5.00000000       0.8274451D+33
     0.99455000     5.00000000       0.8268189D+33
     0.99461000     5.00000000       0.8262844D+33
     0.99479000     5.00000000       0.8248717D+33
     0.99486000     5.00000000       0.8242657D+33
     0.99493000     5.00000000       0.8236621D+33
     0.99499000     5.00000000       0.8231467D+33
     0.99513000     5.00000000       0.8219510D+33
     0.99518000     5.00000000       0.8215264D+33
     0.99525000     5.00000000       0.8209340D+33
     0.99531000     5.00000000       0.8204281D+33
     0.99545000     5.00000000       0.8192549D+33
     0.99552000     5.00000000       0.8186719D+33
     0.99559000     5.00000000       0.8180914D+33
     0.99572000     5.00000000       0.8170197D+33
     0.99589000     5.00000000       0.8156311D+33
     0.99595000     5.00000000       0.8151445D+33
     0.99609000     5.00000000       0.8140159D+33
     0.99616000     5.00000000       0.8134553D+33
     0.99624000     5.00000000       0.8128177D+33
     0.99102000     5.00000000       0.8613787D+33
     0.99106000     5.00000000       0.8609698D+33
     0.99111000     5.00000000       0.8604591D+33
     0.99121000     5.00000000       0.8594391D+33
     0.99125000     5.00000000       0.8590315D+33
     0.99130000     5.00000000       0.8585224D+33
     0.99136000     5.00000000       0.8579121D+33
     0.99145000     5.00000000       0.8569977D+33
     0.99155000     5.00000000       0.8559834D+33
     0.99158000     5.00000000       0.8556794D+33
     0.99162000     5.00000000       0.8552743D+33
     0.99172000     5.00000000       0.8542628D+33
     0.99177000     5.00000000       0.8537577D+33
     0.99181000     5.00000000       0.8533539D+33
     0.99191000     5.00000000       0.8523456D+33
     0.99195000     5.00000000       0.8519428D+33
     0.99209000     5.00000000       0.8505349D+33
     0.99218000     5.00000000       0.8496317D+33
     0.99223000     5.00000000       0.8491304D+33
     0.99228000     5.00000000       0.8486296D+33
     0.99237000     5.00000000       0.8477292D+33
     0.99241000     5.00000000       0.8473295D+33
     0.99245000     5.00000000       0.8469300D+33
     0.99254000     5.00000000       0.8460322D+33
     0.99259000     5.00000000       0.8455339D+33
     0.99270000     5.00000000       0.8444394D+33
     0.99274000     5.00000000       0.8440419D+33
     0.99283000     5.00000000       0.8431484D+33
     0.99287000     5.00000000       0.8427518D+33
     0.99291000     5.00000000       0.8423554D+33
     0.99296000     5.00000000       0.8418603D+33
     0.99305000     5.00000000       0.8409703D+33
     0.99310000     5.00000000       0.8404763D+33
     0.99320000     5.00000000       0.8394898D+33
     0.99323000     5.00000000       0.8391942D+33
     0.99336000     5.00000000       0.8379148D+33
     0.99340000     5.00000000       0.8375218D+33
     0.99344000     5.00000000       0.8371290D+33
     0.99355000     5.00000000       0.8360502D+33
     0.99359000     5.00000000       0.8356584D+33
     0.99363000     5.00000000       0.8352696D+33
     0.99367000     5.00000000       0.8348928D+33
     0.99377000     5.00000000       0.8339543D+33
     0.99381000     5.00000000       0.8335804D+33
     0.99393000     5.00000000       0.8324635D+33
     0.99397000     5.00000000       0.8320929D+33
     0.99401000     5.00000000       0.8317231D+33
     0.99409000     5.00000000       0.8309863D+33
     0.99413000     5.00000000       0.8306191D+33
     0.99416000     5.00000000       0.8303444D+33
     0.99421000     5.00000000       0.8298875D+33
     0.99426000     5.00000000       0.8294321D+33
     0.99436000     5.00000000       0.8285255D+33
     0.99440000     5.00000000       0.8281644D+33
     0.99444000     5.00000000       0.8278043D+33
     0.99454000     5.00000000       0.8269081D+33
     0.99466000     5.00000000       0.8258406D+33
     0.39830000     5.00000000       0.1025348D+34
     0.39833000     5.00000000       0.1025347D+34
     0.39843000     5.00000000       0.1025346D+34
     0.39847000     5.00000000       0.1025346D+34
     0.39850000     5.00000000       0.1025345D+34
     0.39858000     5.00000000       0.1025344D+34
     0.39868000     5.00000000       0.1025343D+34
     0.39876000     5.00000000       0.1025342D+34
     0.39879000     5.00000000       0.1025342D+34
     0.39883000     5.00000000       0.1025341D+34
     0.39892000     5.00000000       0.1025340D+34
     0.39895000     5.00000000       0.1025340D+34
     0.39905000     5.00000000       0.1025339D+34
     0.39913000     5.00000000       0.1025338D+34
     0.39918000     5.00000000       0.1025337D+34
     0.39926000     5.00000000       0.1025336D+34
     0.39930000     5.00000000       0.1025336D+34
     0.39934000     5.00000000       0.1025335D+34
     0.39938000     5.00000000       0.1025335D+34
     0.39941000     5.00000000       0.1025335D+34
     0.39949000     5.00000000       0.1025334D+34
     0.39973000     5.00000000       0.1025331D+34
     0.39982000     5.00000000       0.1025330D+34
     0.39986000     5.00000000       0.1025329D+34
     0.39990000     5.00000000       0.1025329D+34
     0.39993000     5.00000000       0.1025328D+34
     0.39996000     5.00000000       0.1025328D+34
     0.40004000     5.00000000       0.1025327D+34
     0.40008000     5.00000000       0.1025327D+34
     0.40012000     5.00000000       0.1025326D+34
     0.40015000     5.00000000       0.1025326D+34
     0.40023000     5.00000000       0.1025325D+34
     0.40247000     5.00000000       0.1025298D+34
     0.40256000     5.00000000       0.1025297D+34
     0.40259000     5.00000000       0.1025297D+34
     0.40263000     5.00000000       0.1025296D+34
     0.40271000     5.00000000       0.1025295D+34
     0.40280000     5.00000000       0.1025294D+34
     0.40288000     5.00000000       0.1025293D+34
     0.40297000     5.00000000       0.1025292D+34
     0.40301000     5.00000000       0.1025292D+34
     0.40309000     5.00000000       0.1025291D+34
     0.40318000     5.00000000       0.1025290D+34
     0.40328000     5.00000000       0.1025289D+34
     0.40341000     5.00000000       0.1025287D+34
     0.40345000     5.00000000       0.1025286D+34
     0.40349000     5.00000000       0.1025286D+34
     0.40357000     5.00000000       0.1025285D+34
     0.51853000     5.00000000       0.1017488D+34
     0.51885000     5.00000000       0.1018012D+34
     0.51917000     5.00000000       0.1018531D+34
     0.55630000     5.00000000       0.1024932D+34
     0.55660000     5.00000000       0.1024927D+34
     0.55689000     5.00000000       0.1024929D+34
     0.01465000     5.00000000       0.9271413D+33
     0.01516000     5.00000000       0.9348795D+33
     0.01556000     5.00000000       0.9411714D+33
     0.05296000     5.00000000       0.1024828D+34
     0.05331000     5.00000000       0.1024831D+34
     0.05374000     5.00000000       0.1024834D+34
     0.13141000     5.00000000       0.1025746D+34
     0.13181000     5.00000000       0.1025751D+34
     0.13221000     5.00000000       0.1025756D+34
     0.16841000     5.00000000       0.1026151D+34
     0.16868000     5.00000000       0.1026154D+34
     0.16886000     5.00000000       0.1026156D+34
     0.47863000     5.00000000       0.1021525D+34
     0.47904000     5.00000000       0.1021006D+34
     0.47917000     5.00000000       0.1020838D+34
     0.55432000     5.00000000       0.1024917D+34
     0.55459000     5.00000000       0.1024919D+34
     0.55488000     5.00000000       0.1024921D+34
     0.59304000     5.00000000       0.1025245D+34
     0.59328000     5.00000000       0.1025248D+34
     0.59354000     5.00000000       0.1025251D+34
     0.31779000     5.00000000       0.1026250D+34
     0.31806000     5.00000000       0.1026247D+34
     0.31833000     5.00000000       0.1026244D+34
     0.35759000     5.00000000       0.1025841D+34
     0.35788000     5.00000000       0.1025838D+34
     0.35810000     5.00000000       0.1025836D+34
     0.66493000     5.00000000       0.1026064D+34
     0.66507000     5.00000000       0.1026065D+34
     0.66518000     5.00000000       0.1026066D+34
     0.81919000     5.00000000       0.1026287D+34
     0.81944000     5.00000000       0.1026284D+34
     0.81967000     5.00000000       0.1026282D+34
     0.85580000     5.00000000       0.1025900D+34
     0.85609000     5.00000000       0.1025897D+34
     0.85633000     5.00000000       0.1025894D+34
     0.62723000     5.00000000       0.1025668D+34
     0.62755000     5.00000000       0.1025671D+34
     0.62785000     5.00000000       0.1025675D+34
     0.70304000     5.00000000       0.1026458D+34
     0.70336000     5.00000000       0.1026460D+34
     0.70373000     5.00000000       0.1026463D+34
     0.74301000     5.00000000       0.1026601D+34
     0.74325000     5.00000000       0.1026602D+34
     0.74357000     5.00000000       0.1026602D+34
     0.54437000     5.00000000       0.1024852D+34
     0.54461000     5.00000000       0.1024853D+34
     0.54484000     5.00000000       0.1024855D+34
     0.92939000     5.00000000       0.1024962D+34
     0.92959000     5.00000000       0.1024960D+34
     0.92980000     5.00000000       0.1024958D+34
     0.99868000     5.00000000       0.8021786D+33
     0.99897000     5.00000000       0.8012197D+33
     0.99914000     5.00000000       0.8006576D+33
     0.00090000     5.00000000       0.8007898D+33
     0.00109000     5.00000000       0.8014181D+33
     0.00125000     5.00000000       0.8019471D+33
     0.00141000     5.00000000       0.8024762D+33
     0.00157000     5.00000000       0.8030052D+33
     0.00179000     5.00000000       0.8037326D+33
     0.00195000     5.00000000       0.8042617D+33
     0.00208000     5.00000000       0.8028270D+33
     0.00224000     5.00000000       0.8029888D+33
     0.00246000     5.00000000       0.8040883D+33
     0.00283000     5.00000000       0.8061400D+33
     0.00305000     5.00000000       0.8074741D+33
     0.00332000     5.00000000       0.8093675D+33
     0.00361000     5.00000000       0.8116306D+33
     0.00380000     5.00000000       0.8131361D+33
     0.00404000     5.00000000       0.8150635D+33
     0.00425000     5.00000000       0.8167736D+33
     0.00465000     5.00000000       0.8200919D+33
     0.00489000     5.00000000       0.8221212D+33
     0.00516000     5.00000000       0.8244386D+33
     0.00543000     5.00000000       0.8266405D+33
     0.00570000     5.00000000       0.8290688D+33
     0.00586000     5.00000000       0.8305275D+33
     0.00618000     5.00000000       0.8334870D+33
     0.00645000     5.00000000       0.8360502D+33
     0.00682000     5.00000000       0.8396870D+33
     0.00706000     5.00000000       0.8420583D+33
     0.00730000     5.00000000       0.8444394D+33
     0.00757000     5.00000000       0.8471297D+33
     0.00787000     5.00000000       0.8501333D+33
     0.00813000     5.00000000       0.8527487D+33
     0.00848000     5.00000000       0.8562875D+33
     0.00888000     5.00000000       0.8603571D+33
     0.00926000     5.00000000       0.8642481D+33
     0.00953000     5.00000000       0.8670277D+33
     0.04214000     5.00000000       0.1024746D+34
     0.04273000     5.00000000       0.1024750D+34
     0.04326000     5.00000000       0.1024754D+34
     0.50647000     5.00000000       0.9985498D+33
     0.50666000     5.00000000       0.9987752D+33
     0.50688000     5.00000000       0.9990410D+33
     0.50524000     5.00000000       0.9972703D+33
     0.50554000     5.00000000       0.9975581D+33
     0.50581000     5.00000000       0.9978304D+33
     0.77396000     5.00000000       0.1026605D+34
     0.77420000     5.00000000       0.1026605D+34
     0.77444000     5.00000000       0.1026605D+34
     0.81163000     5.00000000       0.1026370D+34
     0.81184000     5.00000000       0.1026368D+34
     0.81200000     5.00000000       0.1026366D+34
     0.53981000     5.00000000       0.1024823D+34
     0.54018000     5.00000000       0.1024825D+34
     0.54051000     5.00000000       0.1024827D+34
     0.54388000     5.00000000       0.1024849D+34
     0.54439000     5.00000000       0.1024852D+34
     0.54468000     5.00000000       0.1024854D+34
     0.92106000     5.00000000       0.1025043D+34
     0.92140000     5.00000000       0.1025040D+34
     0.92165000     5.00000000       0.1025037D+34
     0.95906000     5.00000000       0.1024737D+34
     0.95933000     5.00000000       0.1024735D+34
     0.95960000     5.00000000       0.1024733D+34
     0.11501000     5.00000000       0.1025523D+34
     0.11525000     5.00000000       0.1025527D+34
     0.11548000     5.00000000       0.1025530D+34
     0.22958000     5.00000000       0.1026606D+34
     0.23007000     5.00000000       0.1026606D+34
     0.23033000     5.00000000       0.1026606D+34
     0.34538000     5.00000000       0.1025967D+34
     0.34563000     5.00000000       0.1025964D+34
     0.34601000     5.00000000       0.1025961D+34
     0.45963000     5.00000000       0.1024826D+34
     0.45995000     5.00000000       0.1024824D+34
     0.46027000     5.00000000       0.1024822D+34
     0.40802000     5.00000000       0.1025232D+34
     0.40827000     5.00000000       0.1025230D+34
     0.40841000     5.00000000       0.1025228D+34
     0.40855000     5.00000000       0.1025226D+34
     0.40875000     5.00000000       0.1025224D+34
     0.40901000     5.00000000       0.1025221D+34
     0.40926000     5.00000000       0.1025218D+34
     0.40950000     5.00000000       0.1025215D+34
     0.40984000     5.00000000       0.1025211D+34
     0.41020000     5.00000000       0.1025207D+34
     0.41037000     5.00000000       0.1025205D+34
     0.41055000     5.00000000       0.1025203D+34
     0.41083000     5.00000000       0.1025199D+34
     0.41110000     5.00000000       0.1025196D+34
     0.41135000     5.00000000       0.1025193D+34
     0.41152000     5.00000000       0.1025191D+34
     0.41172000     5.00000000       0.1025189D+34
     0.41194000     5.00000000       0.1025186D+34
     0.41210000     5.00000000       0.1025185D+34
     0.41225000     5.00000000       0.1025183D+34
     0.41241000     5.00000000       0.1025181D+34
     0.41256000     5.00000000       0.1025179D+34
     0.41280000     5.00000000       0.1025176D+34
     0.41295000     5.00000000       0.1025175D+34
     0.41312000     5.00000000       0.1025173D+34
     0.41329000     5.00000000       0.1025171D+34
     0.41348000     5.00000000       0.1025168D+34
     0.41362000     5.00000000       0.1025167D+34
     0.41378000     5.00000000       0.1025165D+34
     0.41397000     5.00000000       0.1025163D+34
     0.41411000     5.00000000       0.1025161D+34
     0.41424000     5.00000000       0.1025159D+34
     0.41437000     5.00000000       0.1025158D+34
     0.41458000     5.00000000       0.1025156D+34
     0.41473000     5.00000000       0.1025154D+34
     0.41498000     5.00000000       0.1025151D+34
     0.41518000     5.00000000       0.1025149D+34
     0.41537000     5.00000000       0.1025146D+34
     0.41551000     5.00000000       0.1025145D+34
     0.41565000     5.00000000       0.1025143D+34
     0.41584000     5.00000000       0.1025141D+34
     0.41598000     5.00000000       0.1025139D+34
     0.73955000     5.00000000       0.1026598D+34
     0.73981000     5.00000000       0.1026598D+34
     0.74011000     5.00000000       0.1026598D+34
     0.74042000     5.00000000       0.1026599D+34
     0.74066000     5.00000000       0.1026599D+34
     0.81374000     5.00000000       0.1026347D+34
     0.81387000     5.00000000       0.1026346D+34
     0.81409000     5.00000000       0.1026343D+34
     0.81423000     5.00000000       0.1026342D+34
     0.81443000     5.00000000       0.1026339D+34
     0.81456000     5.00000000       0.1026338D+34
     0.81481000     5.00000000       0.1026335D+34
     0.84792000     5.00000000       0.1025987D+34
     0.84817000     5.00000000       0.1025984D+34
     0.84843000     5.00000000       0.1025982D+34
     0.84865000     5.00000000       0.1025979D+34
     0.89074000     5.00000000       0.1025440D+34
     0.89100000     5.00000000       0.1025436D+34
     0.89124000     5.00000000       0.1025433D+34
     0.89147000     5.00000000       0.1025430D+34
     0.89169000     5.00000000       0.1025427D+34
     0.92582000     5.00000000       0.1024995D+34
     0.92641000     5.00000000       0.1024990D+34
     0.92660000     5.00000000       0.1024988D+34
     0.92710000     5.00000000       0.1024983D+34
     0.96471000     5.00000000       0.1024696D+34
     0.96521000     5.00000000       0.1024693D+34
     0.96544000     5.00000000       0.1024691D+34
     0.96602000     5.00000000       0.1024687D+34
     0.96660000     5.00000000       0.1024683D+34
     0.99818000     5.00000000       0.8038318D+33
     0.99845000     5.00000000       0.8029391D+33
     0.99870000     5.00000000       0.8021125D+33
     0.99894000     5.00000000       0.8013189D+33
     0.99918000     5.00000000       0.8005253D+33
     0.99931000     5.00000000       0.8000955D+33
     0.99940000     5.00000000       0.7997979D+33
     0.99962000     5.00000000       0.7990705D+33
     0.99974000     5.00000000       0.7986737D+33
     0.99983000     5.00000000       0.7983761D+33
     0.00004000     5.00000000       0.7979462D+33
     0.00016000     5.00000000       0.7983430D+33
     0.00026000     5.00000000       0.7986737D+33
     0.00046000     5.00000000       0.7993350D+33
     0.00057000     5.00000000       0.7996987D+33
     0.00065000     5.00000000       0.7999632D+33
     0.00114000     5.00000000       0.8015834D+33
     0.00126000     5.00000000       0.8019802D+33
     0.00134000     5.00000000       0.8022447D+33
     0.00153000     5.00000000       0.8028730D+33
     0.00166000     5.00000000       0.8033028D+33
     0.00186000     5.00000000       0.8039641D+33
     0.00197000     5.00000000       0.8023868D+33
     0.00243000     5.00000000       0.8039330D+33
     0.00256000     5.00000000       0.8046183D+33
     0.00265000     5.00000000       0.8051110D+33
     0.00287000     5.00000000       0.8063764D+33
     0.00298000     5.00000000       0.8070407D+33
     0.00318000     5.00000000       0.8083006D+33
     0.00331000     5.00000000       0.8092902D+33
     0.00351000     5.00000000       0.8108455D+33
     0.00364000     5.00000000       0.8118671D+33
     0.00386000     5.00000000       0.8136153D+33
     0.00397000     5.00000000       0.8144984D+33
     0.00460000     5.00000000       0.8196728D+33
     0.00473000     5.00000000       0.8207652D+33
     0.00498000     5.00000000       0.8228896D+33
     0.00511000     5.00000000       0.8240067D+33
     0.00531000     5.00000000       0.8255751D+33
     0.00545000     5.00000000       0.8268189D+33
     0.00567000     5.00000000       0.8287969D+33
     0.00581000     5.00000000       0.8300701D+33
     0.00632000     5.00000000       0.8347987D+33
     0.00644000     5.00000000       0.8359522D+33
     0.00666000     5.00000000       0.8381115D+33
     0.00680000     5.00000000       0.8394898D+33
     0.00700000     5.00000000       0.8414646D+33
     0.00712000     5.00000000       0.8426527D+33
     0.00734000     5.00000000       0.8448372D+33
     0.00746000     5.00000000       0.8460322D+33
     0.00804000     5.00000000       0.8518421D+33
     0.00816000     5.00000000       0.8530512D+33
     0.00838000     5.00000000       0.8552743D+33
     0.00851000     5.00000000       0.8565918D+33
     0.00872000     5.00000000       0.8587260D+33
     0.00885000     5.00000000       0.8600509D+33
     0.00905000     5.00000000       0.8620948D+33
     0.00919000     5.00000000       0.8635295D+33
     0.04187000     5.00000000       0.1024744D+34
     0.04212000     5.00000000       0.1024746D+34
     0.04240000     5.00000000       0.1024748D+34
     0.04266000     5.00000000       0.1024750D+34
     0.90745000     5.00000000       0.1025217D+34
     0.90800000     5.00000000       0.1025209D+34
     0.90845000     5.00000000       0.1025203D+34
     0.94762000     5.00000000       0.1024824D+34
     0.94790000     5.00000000       0.1024822D+34
     0.94829000     5.00000000       0.1024819D+34
     0.14108000     5.00000000       0.1025864D+34
     0.14163000     5.00000000       0.1025870D+34
     0.14506000     5.00000000       0.1025910D+34
     0.83312000     5.00000000       0.1026135D+34
     0.83368000     5.00000000       0.1026129D+34
     0.83655000     5.00000000       0.1026101D+34
     0.83710000     5.00000000       0.1026096D+34
     0.79286000     5.00000000       0.1026530D+34
     0.79629000     5.00000000       0.1026507D+34
     0.79972000     5.00000000       0.1026483D+34
     0.72075000     5.00000000       0.1026568D+34
     0.72130000     5.00000000       0.1026570D+34
     0.72417000     5.00000000       0.1026583D+34
     0.72472000     5.00000000       0.1026585D+34
     0.99359000     5.00000000       0.8356584D+33
     0.99646000     5.00000000       0.8110805D+33
     0.99701000     5.00000000       0.8071021D+33
     0.99989000     5.00000000       0.7981777D+33
     0.00044000     5.00000000       0.7992688D+33
     0.00332000     5.00000000       0.8093675D+33
     0.00387000     5.00000000       0.8136953D+33
     0.93877000     5.00000000       0.1024885D+34
     0.94219000     5.00000000       0.1024861D+34
     0.94562000     5.00000000       0.1024838D+34
     0.94617000     5.00000000       0.1024835D+34
     0.99120000     5.00000000       0.8595410D+33
     0.44357000     5.00000000       0.1024926D+34
     0.44644000     5.00000000       0.1024912D+34
     0.45673000     5.00000000       0.1024845D+34
     0.77545000     5.00000000       0.1026604D+34
     0.77888000     5.00000000       0.1026598D+34
     0.78231000     5.00000000       0.1026577D+34
     0.78574000     5.00000000       0.1026570D+34
     0.20020000     5.00000000       0.1026482D+34
     0.20075000     5.00000000       0.1026486D+34
     0.20363000     5.00000000       0.1026507D+34
     0.20418000     5.00000000       0.1026510D+34
     0.20705000     5.00000000       0.1026529D+34
     0.91283000     5.00000000       0.1025145D+34
     0.91338000     5.00000000       0.1025138D+34
     0.91968000     5.00000000       0.1025058D+34
     0.54023000     5.00000000       0.1024825D+34
     0.54365000     5.00000000       0.1024847D+34
     0.54420000     5.00000000       0.1024851D+34
     0.55393000     5.00000000       0.1024915D+34
     0.55448000     5.00000000       0.1024919D+34
     0.55736000     5.00000000       0.1024931D+34
     0.55791000     5.00000000       0.1024934D+34
     0.56079000     5.00000000       0.1024951D+34
     0.56134000     5.00000000       0.1024954D+34
     0.57107000     5.00000000       0.1025021D+34
     0.57162000     5.00000000       0.1025025D+34
     0.57449000     5.00000000       0.1025048D+34
     0.86237000     5.00000000       0.1025823D+34
     0.86292000     5.00000000       0.1025816D+34
     0.86579000     5.00000000       0.1025781D+34
     0.86634000     5.00000000       0.1025774D+34
     0.86922000     5.00000000       0.1025738D+34
     0.86977000     5.00000000       0.1025731D+34
     0.87950000     5.00000000       0.1025601D+34
     0.88005000     5.00000000       0.1025593D+34
     0.88293000     5.00000000       0.1025553D+34
     0.88348000     5.00000000       0.1025545D+34
     0.88636000     5.00000000       0.1025503D+34
     0.88691000     5.00000000       0.1025495D+34
     0.89663000     5.00000000       0.1025361D+34
     0.89719000     5.00000000       0.1025353D+34
     0.90061000     5.00000000       0.1025308D+34
     0.29518000     5.00000000       0.1026471D+34
     0.29574000     5.00000000       0.1026467D+34
     0.29861000     5.00000000       0.1026445D+34
     0.29916000     5.00000000       0.1026441D+34
     0.30889000     5.00000000       0.1026350D+34
     0.30944000     5.00000000       0.1026344D+34
     0.31232000     5.00000000       0.1026311D+34
     0.31287000     5.00000000       0.1026305D+34
     0.89836000     5.00000000       0.1025338D+34
     0.90919000     5.00000000       0.1025193D+34
     0.91206000     5.00000000       0.1025155D+34
     0.91261000     5.00000000       0.1025148D+34
     0.29278000     5.00000000       0.1026488D+34
     0.54662000     5.00000000       0.1024866D+34
     0.54717000     5.00000000       0.1024870D+34
     0.19428000     5.00000000       0.1026435D+34
     0.61344000     5.00000000       0.1025494D+34
     0.61400000     5.00000000       0.1025501D+34
     0.61687000     5.00000000       0.1025538D+34
     0.61742000     5.00000000       0.1025546D+34
     0.62030000     5.00000000       0.1025582D+34
     0.62085000     5.00000000       0.1025589D+34
     0.05891000     5.00000000       0.1024868D+34
     0.05946000     5.00000000       0.1024872D+34
     0.06233000     5.00000000       0.1024893D+34
     0.06289000     5.00000000       0.1024898D+34
     0.36724000     5.00000000       0.1025733D+34
     0.36780000     5.00000000       0.1025726D+34
     0.46342000     5.00000000       0.1024802D+34
     0.46397000     5.00000000       0.1024799D+34
     0.26518000     5.00000000       0.1026592D+34
     0.26573000     5.00000000       0.1026591D+34
     0.27546000     5.00000000       0.1026584D+34
     0.27601000     5.00000000       0.1026582D+34
     0.56725000     5.00000000       0.1024993D+34
     0.56780000     5.00000000       0.1024997D+34
     0.57068000     5.00000000       0.1025018D+34
     0.06279000     5.00000000       0.1024897D+34
     0.20157000     5.00000000       0.1026492D+34
     0.20444000     5.00000000       0.1026512D+34
