    1    4    8    8    4    8    8
   1.5700000000000
    0    0    0    0    0    0    0    0    0    0
    0    0
    0    0    0    0    0    0    0    0    0    0
    0    0    0
   1.5707963267949   0.0000000000000   1.9160967116271   0.0000000000000   0.0000000000000   0.0000000000000   0.0000000000000
   0.0000000000000   0.0000000000000   0.0000000000000   0.0000000000000   1.5707963267949   3.1415926535898   3.1415926535898
   3.1415926535898   3.1415926535898   3.1415926535898   3.1415926535898   3.1415926535898   3.1415926535898   4.7123889803847
   0.0000000000000   0.0000000000000   0.0000000000000   0.0000000000000   1.5707963267949   3.1415926535898   3.1415926535898
   3.1415926535898   3.1415926535898   4.7123889803847
