    1    4    8    8    4    8    8
   1.5700000000000
    0    0    0    0    0    0    0    0    0    0
    0    0
    0    0    0    0    0    0    0    0    0    0
    0    0    0
   1.5707963267949   0.0000000000000  11.1504748787967   0.0000000000000   0.0000000000000   0.0000000000000   0.0000000000000
   6.1228946806763   0.0000000000000   0.0000000000000   0.1602906265033   1.5707963267949   3.1415926535898   3.1415926535898
   3.1415926535898   3.1415926535898   2.9813020270865   3.1415926535898   3.1415926535898   3.3018832800931   4.7123889803847
   6.1228946806763   0.0000000000000   0.0000000000000   0.1602906265033   1.5707963267949   2.9813020270865   3.1415926535898
   3.1415926535898   3.3018832800931   4.7123889803847
