
 6.53504  6.57407  6.56610  8.21229  8.94646  8.12963  7.73399  7.68760  7.89384 31.32363
10.64344 10.61244 12.36893 12.33471 12.09422 11.82150 11.58801 11.42598 11.30958 31.41145
10.72416 14.13048 14.44253 14.00140 14.51593 14.58975 14.61014 14.58975 14.50172 31.49217
10.79885 15.93763 16.05997 16.17012 16.29058 16.40480 16.51266 16.69735 16.60102 31.56686
10.86835 18.05619 17.98406 17.99624 18.13839 18.19111 18.25686 18.29787 18.33572 31.63635
10.93333 23.52469 22.34561 21.38410 20.35643 20.27048 20.06051 19.99917 20.00252 31.70133
10.99434 25.87319 25.58039 25.29728 24.94773 24.50348 24.00814 23.48584 22.97202 31.76235
11.05184 25.93070 26.67346 26.66710 26.60106 26.47256 26.26720 25.99815 25.65548 31.81985
11.10622 25.98507 27.25002 27.34360 27.38678 27.38080 27.31810 27.20658 27.04009 31.87423
11.15779 26.03664 27.68285 27.80350 27.87966 27.92107 27.92638 27.89677 27.82931 31.92580
11.25358 26.13244 27.77864 28.50499 28.59489 28.65647 28.69505 28.71517 28.72269 32.02159
11.34100 26.21985 27.86605 29.07136 29.15881 29.21910 29.25936 29.28687 29.30949 32.10900
11.42138 26.30023 27.94643 29.55260 29.63748 29.69324 29.73026 29.75605 29.78049 32.18939
11.49578 26.37463 28.02083 29.96852 30.05381 30.10643 30.13986 30.16305 30.18540 32.26378
11.56502 26.44387 28.09008 30.32954 30.41929 30.47174 30.50291 30.52327 30.54367 32.33303
11.62978 26.50863 28.15484 30.64903 30.74371 30.79735 30.82854 30.84744 30.86600 32.39779
11.69060 26.56945 28.21566 30.93323 31.03342 31.09122 31.12263 31.13980 31.15847 32.45861
11.74793 26.62678 28.27299 30.99056 31.29438 31.35745 31.39017 31.40938 31.42596 32.51594
11.85358 26.73244 28.37864 31.09622 31.74897 31.82194 31.86023 31.88188 31.89995 32.62159
11.97166 26.85051 28.49672 31.21430 31.86704 32.30409 32.35242 32.37866 32.39957 32.73967
12.07726 26.95611 28.60231 31.31989 31.97264 32.69143 32.76048 32.79580 32.82112 32.84526
12.25993 27.13878 28.78499 31.50256 32.15531 32.87410 33.35210 33.43261 33.47879 33.51506
15.77150 16.09423 16.31338 16.69118 16.95042 17.02378 17.15772 17.24813 17.37233 30.41876
17.65789 17.94053 18.38147 18.70931 18.97029 19.25450 19.47833 19.68336 19.86536 30.50638
17.73844 20.05539 20.51398 20.90910 21.29700 21.59748 21.82406 21.99047 22.09959 30.58693
17.81299 22.10793 22.45320 22.78651 23.07481 23.30932 23.48646 23.61429 23.68240 30.66147
17.88236 23.86363 24.00976 24.20666 24.37347 24.52843 24.66278 24.75335 24.81254 30.73084
17.94723 25.23459 25.21506 25.30410 25.39445 25.52935 25.57238 25.62474 25.66311 30.79571
18.00814 26.14824 26.07943 26.11495 26.19114 26.27932 26.37651 26.47277 26.55890 30.85663
18.06556 26.20566 26.70274 26.72137 26.76717 26.83076 26.89842 26.97246 27.04695 30.91405
18.11986 26.25996 27.18199 27.20169 27.23978 27.28605 27.33964 27.39632 27.45637 30.96835
18.17136 26.31146 27.58656 27.60175 27.63373 27.67200 27.71570 27.76301 27.81209 31.01985
18.26703 26.40713 27.68223 28.26052 28.27683 28.30346 28.33562 28.37007 28.40548 31.11552
18.35435 26.49445 27.76954 28.80301 28.80124 28.81393 28.83577 28.86182 28.88981 31.20283
18.43464 26.57474 27.84984 29.25699 29.24500 29.24477 29.25586 29.27416 29.29669 31.28313
18.50897 26.64907 27.92417 29.64253 29.62634 29.61712 29.61947 29.63022 29.64711 31.35746
18.57815 26.71825 27.99335 29.97469 29.95932 29.94404 29.93951 29.94427 29.95619 31.42664
18.64285 26.78295 28.05805 30.26583 30.25427 30.23500 30.22565 30.22480 30.23331 31.49134
18.70363 26.84372 28.11882 30.52522 30.51887 30.49828 30.48387 30.47858 30.48387 31.55211
18.76091 26.90101 28.17611 30.58251 30.75844 30.73716 30.71960 30.71123 30.71333 31.60940
18.86649 27.00659 28.28169 30.68809 31.18228 31.15938 31.13732 31.12385 31.12036 31.71498
18.98450 27.12460 28.39970 30.80609 31.30028 31.61578 31.58643 31.56630 31.55755 31.83298
19.09003 27.23013 28.50523 30.91163 31.40582 32.02691 31.98177 31.95380 31.93929 31.93852
19.27262 27.41272 28.68782 31.09421 31.58841 32.20949 32.65631 32.63581 32.60861 32.59672
19.76774 20.17545 20.55222 20.89866 21.13376 21.30523 21.39845 21.43429 21.43622 29.95055
21.64050 21.98775 22.32971 22.61244 22.82252 22.97860 23.07533 23.12576 23.13851 30.03806
21.72097 23.20717 23.46873 23.70104 23.89802 24.05212 24.15985 24.22864 24.26008 30.11853
21.79544 24.05607 24.28005 24.47614 24.65355 24.80365 24.92226 25.01015 25.06534 30.19300
21.86474 24.84906 24.93039 25.07726 25.25185 25.39648 25.51826 25.61150 25.68472 30.26230
21.92956 25.68637 25.62271 25.67083 25.73527 25.88949 26.02032 26.11542 26.19234 30.32712
21.99042 26.46091 26.27238 26.24881 26.28698 26.35414 26.43937 26.53359 26.63004 30.38798
22.04780 26.51829 26.82774 26.76046 26.75989 26.79720 26.85224 26.92055 26.99794 30.44536
22.10206 26.57255 27.27859 27.20273 27.18073 27.19167 27.22650 27.27534 27.33395 30.49962
22.15352 26.62401 27.65468 27.57797 27.54847 27.54675 27.56543 27.59771 27.64152 30.55108
22.24913 26.71962 27.75029 28.18983 28.15172 28.13806 28.14137 28.15686 28.17987 30.64669
22.33639 26.80689 27.83755 28.68485 28.63705 28.61551 28.61138 28.61844 28.63185 30.73395
22.41665 26.88714 27.91781 29.10395 29.04558 29.01448 29.00276 29.00395 29.01250 30.81421
22.49094 26.96143 27.99210 29.46876 29.39959 29.35831 29.33909 29.33436 29.33837 30.88850
22.56009 27.03058 28.06125 29.79203 29.71373 29.66269 29.63547 29.62502 29.62427 30.95765
22.62476 27.09525 28.12592 30.08220 29.99870 29.93707 29.90192 29.88552 29.87972 31.02232
22.68551 27.15600 28.18667 30.34044 30.25794 30.18838 30.14534 30.12148 30.11230 31.08307
22.74277 27.21326 28.24393 30.39770 30.49556 30.42003 30.36938 30.33991 30.32564 31.14033
22.84832 27.31881 28.34948 30.50324 30.91632 30.83562 30.77263 30.73235 30.70832 31.24588
22.96628 27.43677 28.46744 30.62121 31.03429 31.28107 31.21091 31.15978 31.12641 31.36384
23.07179 27.54228 28.57295 30.72672 31.13980 31.66495 31.58817 31.53196 31.49265 31.46935
23.25433 27.72482 28.75549 30.90926 31.32234 31.84749 32.20775 32.16639 32.11794 32.08916
20.45127 20.59410 20.69529 20.86718 20.96602 20.97492 20.96130 20.91733 20.87287 29.53949
22.04211 22.21616 22.42250 22.57687 22.67355 22.73557 22.74277 22.70463 22.62369 29.62694
22.12252 23.35424 23.53368 23.69380 23.84005 23.94515 24.00661 24.02423 23.99371 29.70735
22.19694 24.12047 24.29823 24.46003 24.61273 24.74227 24.84309 24.90817 24.93164 29.78177
22.26621 24.82440 24.89623 25.02281 25.18622 25.32424 25.44282 25.53135 25.59445 29.85104
22.33099 25.56221 25.51705 25.56506 25.61852 25.77562 25.90968 26.01074 26.09334 29.91582
22.39182 26.28966 26.10583 26.09306 26.13087 26.19442 26.26880 26.35321 26.43760 29.97665
22.44917 26.34701 26.62604 26.56139 26.56679 26.60567 26.65908 26.72117 26.78858 30.03400
22.50340 26.40124 27.05940 26.97660 26.95678 26.96976 27.00414 27.05076 27.10367 30.08824
22.55485 26.45269 27.42822 27.33269 27.30233 27.30233 27.32131 27.35191 27.39156 30.13968
22.65042 26.54826 27.52380 27.92826 27.87753 27.86147 27.86337 27.87847 27.90116 30.23525
22.73765 26.63549 27.61103 28.41992 28.35140 28.32087 28.31180 28.31665 28.32986 30.32248
22.81788 26.71572 27.69125 28.83704 28.75394 28.70965 28.68987 28.68633 28.69236 30.40271
22.89214 26.78998 27.76552 29.20107 29.10280 29.04673 29.01748 29.00556 29.00525 30.47697
22.96127 26.85911 27.83465 29.52605 29.41254 29.34463 29.30651 29.28826 29.28172 30.54610
23.02593 26.92377 27.89931 29.81868 29.69262 29.61321 29.56582 29.54126 29.52965 30.61076
23.08666 26.98450 27.96004 30.07855 29.95027 29.85891 29.80239 29.77043 29.75477 30.67149
23.14391 27.04175 28.01729 30.13581 30.18573 30.08579 30.02033 29.98163 29.96084 30.72874
23.24943 27.14727 28.12281 30.24133 30.59693 30.49383 30.41399 30.36221 30.33004 30.83426
23.36737 27.26522 28.24075 30.35927 30.71487 30.92020 30.84184 30.77868 30.73551 30.95221
23.47286 27.37070 28.34624 30.46476 30.82036 31.25821 31.19279 31.13639 31.09030 31.05770
23.65538 27.55322 28.52875 30.64727 31.00287 31.44072 31.75084 31.70640 31.66521 31.63984
23.49526 23.68290 23.85172 24.00905 24.13231 24.24224 24.32267 24.38102 24.42436 28.68397
24.09658 24.24519 24.40206 24.54637 24.67577 24.79208 24.88830 24.96575 25.02516 28.77131
24.17691 24.69017 24.81931 24.94933 25.08035 25.20554 25.31922 25.41783 25.49603 28.85163
24.25125 25.06348 25.17678 25.29216 25.41248 25.53477 25.65321 25.76443 25.86190 28.92598
24.32045 25.46925 25.52212 25.60776 25.71784 25.82831 25.94015 26.05045 26.15446 28.99518
24.38517 25.94349 25.92001 25.95604 25.99400 26.10594 26.20717 26.30906 26.41017 29.05990
24.44596 26.47060 26.32300 26.31740 26.34797 26.39669 26.45658 26.52468 26.59957 29.12068
24.50326 26.52790 26.71585 26.65303 26.65486 26.68361 26.72610 26.77658 26.83383 29.17798
24.55745 26.58209 27.08107 26.97835 26.94686 26.95093 26.97505 27.01144 27.05514 29.23218
24.60886 26.63350 27.39909 27.27572 27.22342 27.20728 27.21356 27.23369 27.26537 29.28358
24.70437 26.72901 27.49460 27.77630 27.70777 27.66853 27.64949 27.64611 27.65487 29.37909
24.79154 26.81619 27.58177 28.16429 28.09591 28.05316 28.02646 28.01155 28.00590 29.46627
24.87173 26.89637 27.66196 28.48052 28.40837 28.36497 28.33689 28.31979 28.30956 29.54645
24.94595 26.97060 27.73618 28.75572 28.67297 28.62546 28.59594 28.57798 28.56767 29.62068
25.01505 27.03969 27.80528 29.00636 28.90792 28.85259 28.81944 28.80086 28.78992 29.68977
25.07968 27.10432 27.86991 29.24398 29.12183 29.05713 29.01844 28.99764 28.98531 29.75440
25.14038 27.16503 27.93061 29.47354 29.32355 29.24535 29.19990 29.17455 29.16125 29.81511
25.19761 27.22226 27.98784 29.53077 29.51614 29.42276 29.36866 29.33799 29.32165 29.87234
25.30309 27.32774 28.09332 29.63625 29.87719 29.75522 29.68023 29.63682 29.61107 29.97782
25.42100 27.44564 28.21123 29.75415 29.99509 30.12559 30.03672 29.97639 29.93747 30.09572
25.52645 27.55110 28.31668 29.85961 30.10055 30.43639 30.34122 30.27926 30.23350 30.20118
25.70892 27.73356 28.49915 30.04208 30.28302 30.61886 30.86187 30.78706 30.73389 30.70255
23.62453 23.77658 23.90866 24.03431 24.12521 24.19654 24.23439 24.24198 24.22674 28.57875
24.22482 24.35365 24.49087 24.61413 24.72092 24.81367 24.88423 24.93276 24.95709 28.66608
24.30513 24.78498 24.90002 25.01589 25.13145 25.24165 25.33996 25.42194 25.48032 28.74639
24.37947 25.13995 25.24304 25.34750 25.45704 25.56763 25.67535 25.77463 25.86026 28.82073
24.44866 25.52296 25.57114 25.64932 25.75046 25.85142 25.95443 26.05602 26.15173 28.88992
24.51337 25.96949 25.94724 25.98035 26.01433 26.11828 26.21137 26.30546 26.40022 28.95464
24.57415 26.46757 26.32778 26.32236 26.35076 26.39585 26.45121 26.51482 26.58531 29.01542
24.63145 26.52487 26.70249 26.64176 26.64262 26.66967 26.70892 26.75592 26.80954 29.07271
24.68564 26.57906 27.05463 26.95317 26.92256 26.92515 26.94687 26.98105 27.02175 29.12690
24.73704 26.63046 27.36282 27.24054 27.18830 27.17178 27.17682 27.19523 27.22391 29.17830
24.83254 26.72596 27.45832 27.72482 27.65694 27.61732 27.59707 27.59278 27.60037 29.27381
24.91971 26.81313 27.54549 28.09982 28.03255 27.99026 27.96295 27.94726 27.94073 29.36098
24.99989 26.89331 27.62567 28.40672 28.33522 28.29220 28.26432 28.24690 28.23599 29.44115
25.07411 26.96753 27.69989 28.67749 28.59305 28.54551 28.51607 28.49801 28.48723 29.51538
25.14320 27.03662 27.76898 28.92617 28.82420 28.76791 28.73420 28.71507 28.70379 29.58447
25.20783 27.10125 27.83361 29.16233 29.03763 28.96975 28.92966 28.90766 28.89513 29.64909
25.26853 27.16195 27.89431 29.38630 29.23865 29.15749 29.10995 29.08269 29.06688 29.70980
25.32576 27.21918 27.95154 29.44353 29.42893 29.33484 29.27812 29.24502 29.22644 29.76702
25.43124 27.32465 28.05701 29.54901 29.78142 29.66248 29.58782 29.54266 29.51493 29.87250
25.54914 27.44255 28.17491 29.66691 29.89932 30.02449 29.93722 29.87731 29.83844 29.99040
25.65459 27.54801 28.28036 29.77236 30.00478 30.32850 30.23510 30.17406 30.12840 30.09585
25.83705 27.73047 28.46283 29.95482 30.18724 30.51096 30.74394 30.67145 30.61886 30.58735
24.87787 24.89603 24.90709 24.91515 24.90936 24.91129 24.89995 24.88583 24.86916 28.18314
25.55268 25.54485 25.53747 25.52481 25.50703 25.49019 25.47160 25.45415 25.43772 28.27041
25.63295 26.10522 26.08101 26.05321 26.02673 25.99747 25.96733 25.93867 25.91321 28.35067
25.70724 26.61390 26.55774 26.52040 26.48229 26.44476 26.40648 26.36969 26.33226 28.42497
25.77640 26.99097 26.99298 26.96238 26.89820 26.84511 26.79935 26.75394 26.71011 28.49413
25.84108 27.21581 27.27239 27.28026 27.25739 27.22541 27.15514 27.09963 27.04925 28.55881
25.90183 27.32825 27.45522 27.49396 27.50558 27.49930 27.48219 27.45370 27.41466 28.61956
25.95910 27.38552 27.59068 27.65386 27.67766 27.68452 27.67948 27.66604 27.64238 28.67683
26.01327 27.43969 27.71016 27.78480 27.81828 27.83262 27.83574 27.83123 27.81934 28.73099
26.06465 27.49107 27.82215 27.90315 27.93905 27.95653 27.96432 27.96554 27.96143 28.78238
26.16012 27.58654 27.91761 28.11084 28.14989 28.16829 28.17830 28.18307 28.18466 28.87784
26.24726 27.67368 28.00475 28.28901 28.33058 28.34846 28.35775 28.36215 28.36328 28.96498
26.32741 27.75383 28.08491 28.44707 28.48935 28.50631 28.51424 28.51775 28.51862 29.04514
26.40161 27.82803 28.15911 28.59110 28.63329 28.64722 28.65335 28.65640 28.65717 29.11934
26.47068 27.89711 28.22818 28.72056 28.76731 28.77748 28.78085 28.78220 28.78220 29.18841
26.53529 27.96172 28.29279 28.83707 28.89331 28.89990 28.89931 28.89811 28.89691 29.25302
26.59598 28.02240 28.35348 28.93221 29.01270 29.01589 29.01110 29.00521 29.00413 29.31371
26.65320 28.07962 28.41069 28.98943 29.12364 29.12745 29.11838 29.11067 29.10534 29.37092
26.75865 28.18507 28.51615 29.09488 29.32955 29.33613 29.32018 29.30557 29.29477 29.47638
26.87653 28.30295 28.63403 29.21276 29.44743 29.57102 29.55316 29.53149 29.51420 29.59426
26.98197 28.40839 28.73946 29.31820 29.55287 29.77934 29.75882 29.73812 29.71487 29.69969
27.16440 28.59082 28.92190 29.50063 29.73530 29.96178 30.13433 30.10989 30.07952 30.06249
25.04909 25.04795 25.04431 25.03906 25.02638 25.02800 25.02545 25.02522 25.02800 27.79734
25.59559 25.58011 25.56439 25.54731 25.52854 25.51397 25.50093 25.49194 25.48756 27.88458
25.67583 26.04007 26.01708 25.99178 25.96674 25.94290 25.92039 25.90026 25.88564 27.96482
25.75011 26.44103 26.41128 26.38480 26.35515 26.32522 26.29502 26.26791 26.24280 28.03910
25.81925 26.76348 26.75774 26.73490 26.70070 26.66800 26.63512 26.60064 26.56841 28.10824
25.88391 26.98556 27.01202 27.01170 26.99077 26.97471 26.93732 26.90062 26.86364 28.17291
25.94465 27.10588 27.19168 27.21170 27.21665 27.21144 27.19937 27.17883 27.15095 28.23364
26.00191 27.16314 27.32688 27.36630 27.37918 27.38248 27.37918 27.37032 27.35394 28.29090
26.05607 27.21729 27.44492 27.49527 27.51472 27.52221 27.52412 27.52201 27.51491 28.34506
26.10744 27.26867 27.55457 27.61106 27.63287 27.64258 27.64681 27.64782 27.64630 28.39643
26.20289 27.36412 27.65002 27.81385 27.83882 27.84880 27.85389 27.85677 27.85868 28.49188
26.29002 27.45125 27.73714 27.98658 28.01408 28.02385 28.02836 28.03020 28.03135 28.57901
26.37016 27.53139 27.81728 28.13941 28.16718 28.17636 28.17934 28.18132 28.18132 28.65915
26.44435 27.60558 27.89148 28.27923 28.30578 28.31188 28.31361 28.31448 28.31448 28.73335
26.51342 27.67465 27.96054 28.40624 28.43505 28.43658 28.43582 28.43505 28.43428 28.80241
26.57802 27.73925 28.02514 28.52174 28.55632 28.55428 28.54950 28.54676 28.54470 28.86701
26.63870 27.79993 28.08583 28.61890 28.67176 28.66569 28.65712 28.64972 28.64724 28.92769
26.69591 27.85714 28.14303 28.67611 28.78015 28.77251 28.75928 28.74980 28.74362 28.98490
26.80136 27.96258 28.24848 28.78156 28.98397 28.97507 28.95337 28.93678 28.92509 29.09035
26.91923 28.08045 28.36635 28.89943 29.10184 29.20392 29.17870 29.15433 29.13584 29.20822
27.02465 28.18588 28.47178 29.00486 29.20727 29.40730 29.37755 29.35395 29.32946 29.31365
27.20708 28.36830 28.65420 29.18728 29.38970 29.58973 29.74357 29.71090 29.67933 29.66194
24.98978 24.97807 24.96586 24.95515 24.93951 24.93728 24.93207 24.93057 24.93188 27.23395
25.43968 25.42529 25.41128 25.39647 25.38002 25.36717 25.35549 25.34751 25.34380 27.32116
25.51989 25.80542 25.79207 25.77452 25.75748 25.74015 25.72336 25.70972 25.69850 27.40137
25.59414 26.11775 26.11661 26.10454 26.08762 26.06862 26.04864 26.03012 26.01189 27.47562
25.66326 26.38467 26.38205 26.37634 26.37280 26.35989 26.33998 26.31827 26.29607 27.54474
25.72791 26.59904 26.60502 26.60607 26.59302 26.59904 26.59125 26.57368 26.55062 27.60939
25.78863 26.73627 26.77635 26.78429 26.78897 26.79014 26.78751 26.77783 26.76357 27.67011
25.84587 26.79351 26.91103 26.92868 26.93551 26.94029 26.94279 26.94204 26.93677 27.72735
25.90002 26.84766 27.02809 27.05304 27.06130 27.06573 27.06992 27.07322 27.07388 27.78150
25.95138 26.89902 27.13536 27.16503 27.17381 27.17777 27.18132 27.18447 27.18761 27.83286
26.04681 26.99445 27.23079 27.36003 27.37068 27.37312 27.37426 27.37556 27.37767 27.92829
26.13392 27.08156 27.31790 27.52467 27.53745 27.53979 27.53993 27.53993 27.53979 28.01540
26.21405 27.16169 27.39802 27.66963 27.68213 27.68356 27.68308 27.68272 27.68189 28.09553
26.28823 27.23587 27.47220 27.80301 27.81249 27.81134 27.80934 27.80839 27.80745 28.16971
26.35728 27.30492 27.54126 27.92537 27.93376 27.92817 27.92349 27.92162 27.92068 28.23876
26.42187 27.36951 27.60585 28.04107 28.04938 28.03856 28.03017 28.02594 28.02340 28.30336
26.48255 27.43019 27.66653 28.14326 28.15969 28.14401 28.13113 28.12271 28.11963 28.36403
26.53975 27.48739 27.72373 28.20046 28.26505 28.24484 28.22769 28.21656 28.21094 28.42123
26.64518 27.59282 27.82916 28.30589 28.46826 28.43956 28.41174 28.39315 28.38135 28.52666
26.76304 27.71068 27.94702 28.42375 28.58612 28.66561 28.62969 28.60104 28.58132 28.64452
26.86846 27.81610 28.05244 28.52917 28.69153 28.86681 28.82466 28.79528 28.76824 28.74994
27.05087 27.99851 28.23485 28.71157 28.87394 29.04922 29.18745 29.14523 29.10977 29.08981
24.74435 24.73191 24.72046 24.70974 24.69700 24.69540 24.69248 24.69292 24.69511 26.34583
25.07242 25.06650 25.06004 25.05241 25.04288 25.03543 25.02908 25.02594 25.02563 26.43300
25.15259 25.34122 25.34122 25.33662 25.33123 25.32503 25.31801 25.31252 25.30937 26.51318
25.22681 25.55699 25.57349 25.57833 25.57772 25.57349 25.56802 25.56191 25.55514 26.58740
25.29590 25.74719 25.75430 25.76586 25.78272 25.78762 25.78567 25.78075 25.77333 26.65649
25.36053 25.92756 25.92458 25.93138 25.92926 25.95442 25.96758 25.97044 25.96635 26.72111
25.42123 26.08286 26.07518 26.07628 26.08323 26.09156 26.09912 26.10233 26.10269 26.78181
25.47845 26.14009 26.20766 26.20476 26.20734 26.21439 26.22202 26.22928 26.23430 26.83904
25.53258 26.19421 26.32405 26.32176 26.31975 26.32176 26.32776 26.33543 26.34276 26.89317
25.58393 26.24556 26.42881 26.42829 26.42416 26.42261 26.42520 26.42958 26.43651 26.94451
25.67933 26.34097 26.52421 26.61345 26.60894 26.60333 26.60008 26.59986 26.60203 27.03992
25.76642 26.42806 26.61130 26.76741 26.76484 26.75912 26.75410 26.75112 26.74963 27.12701
25.84653 26.50816 26.69141 26.90129 26.89823 26.89225 26.88689 26.88346 26.88084 27.20712
25.92070 26.58233 26.76558 27.02461 27.01763 27.00944 27.00322 26.99944 26.99682 27.28128
25.98974 26.65137 26.83462 27.13958 27.12851 27.11666 27.10821 27.10362 27.10073 27.35032
26.05432 26.71595 26.89920 27.25087 27.23374 27.21689 27.20546 27.19916 27.19546 27.41490
26.11498 26.77662 26.95986 27.35693 27.33594 27.31268 27.29723 27.28789 27.28351 27.47557
26.17218 26.83381 27.01705 27.41413 27.43451 27.40486 27.38525 27.37310 27.36656 27.53276
26.27759 26.93922 27.12247 27.51954 27.63227 27.58556 27.55345 27.53401 27.52200 27.63818
26.39543 27.05707 27.24031 27.63738 27.75011 27.80122 27.75716 27.72666 27.70604 27.75602
26.50084 27.16247 27.34572 27.74279 27.85551 27.99265 27.94175 27.90887 27.88091 27.86142
26.68323 27.34486 27.52811 27.92518 28.03790 28.17504 28.28718 28.23650 28.20079 28.17999
22.97771 22.98768 22.99384 22.99741 22.99855 23.00280 23.00591 23.00873 23.01211 23.11379
23.05964 23.07635 23.08709 23.09448 23.09937 23.10399 23.10782 23.11164 23.11557 23.20087
23.13974 23.15075 23.16578 23.17643 23.18378 23.19061 23.19763 23.20367 23.20944 23.28096
23.21389 23.21324 23.23503 23.24852 23.25887 23.26706 23.27497 23.28270 23.29080 23.35512
23.28293 23.28174 23.29642 23.31046 23.32504 23.33565 23.34364 23.35266 23.36160 23.42415
23.34750 23.36160 23.36752 23.37633 23.37925 23.39468 23.40610 23.41645 23.42577 23.48873
23.40816 23.44506 23.44324 23.44688 23.45051 23.45412 23.45951 23.46399 23.47022 23.54939
23.46535 23.50225 23.51787 23.51617 23.51617 23.51787 23.52040 23.52293 23.52713 23.60657
23.51944 23.55634 23.58731 23.58415 23.58098 23.57859 23.57780 23.57939 23.58177 23.66067
23.57076 23.60766 23.65150 23.64854 23.64333 23.63884 23.63509 23.63358 23.63509 23.71198
23.66611 23.70301 23.74685 23.76608 23.75879 23.75145 23.74405 23.73864 23.73592 23.80733
23.75315 23.79005 23.83390 23.86767 23.86109 23.85265 23.84475 23.83678 23.83123 23.89438
23.83322 23.87012 23.91397 23.95716 23.95005 23.94177 23.93343 23.92559 23.91938 23.97445
23.90735 23.94425 23.98810 24.04130 24.03072 24.02156 24.01283 24.00507 23.99881 24.04858
23.97637 24.01327 24.05711 24.12169 24.10678 24.09497 24.08543 24.07724 24.07142 24.11759
24.04092 24.07782 24.12167 24.20167 24.18008 24.16470 24.15356 24.14456 24.13821 24.18215
24.10156 24.13846 24.18231 24.28675 24.25245 24.23236 24.21818 24.20762 24.20124 24.24279
24.15874 24.19564 24.23948 24.34393 24.32333 24.29845 24.28125 24.26895 24.26093 24.29996
24.26412 24.30102 24.34487 24.44931 24.47818 24.43043 24.40358 24.38633 24.37527 24.40535
24.38193 24.41883 24.46268 24.56712 24.59599 24.59970 24.55663 24.52901 24.51225 24.52315
24.48731 24.52421 24.56806 24.67250 24.70137 24.75627 24.70391 24.67108 24.64539 24.62853
24.66966 24.70656 24.75041 24.85485 24.88372 24.93862 24.99005 24.93580 24.90204 24.88235
22.89839 22.90763 22.91326 22.91636 22.91709 22.92120 22.92413 22.92690 22.93038 23.01795
22.97896 22.99514 23.00542 23.01240 23.01680 23.02079 23.02436 23.02805 23.03213 23.10503
23.05906 23.06804 23.08273 23.09314 23.10015 23.10613 23.11244 23.11787 23.12375 23.18513
23.13321 23.12900 23.15065 23.16407 23.17401 23.18149 23.18847 23.19528 23.20271 23.25928
23.20225 23.19628 23.21097 23.22479 23.23907 23.24904 23.25608 23.26381 23.27147 23.32832
23.26682 23.27528 23.28122 23.28946 23.29210 23.30774 23.31764 23.32647 23.33522 23.39289
23.32748 23.35819 23.35629 23.35913 23.36291 23.36667 23.37135 23.37507 23.37971 23.45355
23.38466 23.41537 23.43027 23.42762 23.42850 23.42939 23.43115 23.43378 23.43641 23.51073
23.43875 23.46947 23.49914 23.49585 23.49255 23.49006 23.48840 23.48923 23.49089 23.56482
23.49007 23.52078 23.56358 23.55972 23.55429 23.54961 23.54570 23.54334 23.54334 23.61614
23.58542 23.61613 23.65893 23.67707 23.66948 23.66183 23.65411 23.64776 23.64421 23.71149
23.67246 23.70318 23.74597 23.77837 23.77088 23.76271 23.75383 23.74551 23.73972 23.79853
23.75253 23.78325 23.82604 23.86750 23.86008 23.85145 23.84275 23.83397 23.82689 23.87860
23.82666 23.85738 23.90017 23.95143 23.94039 23.93029 23.92171 23.91306 23.90652 23.95273
23.89568 23.92639 23.96918 24.03127 24.01570 24.00387 23.99390 23.98535 23.97875 24.02175
23.96023 23.99095 24.03374 24.11146 24.08894 24.07332 24.06122 24.05228 24.04517 24.08630
24.02087 24.05159 24.09438 24.19598 24.16099 24.14043 24.12605 24.11502 24.10789 24.14694
24.07805 24.10876 24.15155 24.25315 24.23137 24.20616 24.18859 24.17614 24.16775 24.20412
24.18343 24.21414 24.25694 24.35854 24.38591 24.33736 24.31035 24.29267 24.28108 24.30950
24.30124 24.33195 24.37474 24.47634 24.50372 24.50633 24.46277 24.43480 24.41757 24.42731
24.40662 24.43733 24.48012 24.58172 24.60910 24.66270 24.60946 24.57644 24.55036 24.53269
24.58897 24.61968 24.66247 24.76407 24.79145 24.84505 24.89525 24.84027 24.80616 24.78595
22.67939 22.68855 22.69359 22.69618 22.69747 22.69957 22.70166 22.70327 22.70535 22.77512
22.76143 22.77720 22.78714 22.79406 22.79801 22.80122 22.80383 22.80615 22.80876 22.86219
22.84152 22.85008 22.86493 22.87526 22.88240 22.88829 22.89414 22.89851 22.90286 22.94228
22.91567 22.90522 22.93227 22.94596 22.95649 22.96431 22.97146 22.97794 22.98439 23.01643
22.98470 22.97733 22.99235 23.00644 23.02092 23.03150 23.03933 23.04744 23.05526 23.08546
23.04927 23.04880 23.06100 23.07017 23.07272 23.08944 23.10040 23.11050 23.11933 23.15004
23.10993 23.13717 23.13415 23.13810 23.14277 23.14772 23.15337 23.15817 23.16446 23.21069
23.16711 23.19435 23.20717 23.20522 23.20620 23.20910 23.21200 23.21490 23.21970 23.26787
23.22120 23.24844 23.27467 23.27104 23.26830 23.26739 23.26739 23.26922 23.27286 23.32197
23.27252 23.29976 23.33876 23.33450 23.32936 23.32506 23.32247 23.32160 23.32333 23.37328
23.36786 23.39510 23.43410 23.44514 23.43669 23.42895 23.42193 23.41644 23.41408 23.46863
23.45491 23.48215 23.52114 23.54475 23.53711 23.52870 23.52023 23.51311 23.50738 23.55567
23.53497 23.56221 23.60121 23.63343 23.62452 23.61618 23.60777 23.59994 23.59337 23.63574
23.60910 23.63634 23.67534 23.71605 23.70432 23.69424 23.68586 23.67802 23.67194 23.70987
23.67812 23.70536 23.74435 23.79506 23.77876 23.76720 23.75718 23.74931 23.74309 23.77888
23.74267 23.76991 23.80891 23.87427 23.85111 23.83571 23.82426 23.81533 23.80897 23.84343
23.80331 23.83055 23.86955 23.95825 23.92190 23.90177 23.88762 23.87726 23.87029 23.90407
23.86048 23.88772 23.92672 24.01543 23.99200 23.96691 23.94952 23.93744 23.92947 23.96124
23.96586 23.99311 24.03210 24.12081 24.14476 24.09612 24.06986 24.05252 24.04121 24.06663
24.08367 24.11091 24.14991 24.23861 24.26257 24.26318 24.22009 24.19296 24.17616 24.18443
24.18905 24.21629 24.25529 24.34399 24.36794 24.41819 24.36509 24.33226 24.30675 24.28981
24.37140 24.39864 24.43764 24.52634 24.55029 24.60054 24.64842 24.59346 24.55993 24.53992
21.22721 21.22815 21.22815 21.22752 21.22627 21.22721 21.22846 21.23001 21.23188 21.19974
21.31015 21.31760 21.32187 21.32414 21.32470 21.32527 21.32612 21.32781 21.32979 21.28679
21.39023 21.39020 21.39918 21.40494 21.40833 21.41120 21.41405 21.41638 21.41921 21.36687
21.46437 21.44741 21.46529 21.47484 21.48164 21.48671 21.49080 21.49415 21.49749 21.44101
21.53339 21.51310 21.52429 21.53468 21.54495 21.55265 21.55805 21.56319 21.56764 21.51003
21.59795 21.57913 21.58744 21.59503 21.59697 21.61068 21.61874 21.62589 21.63153 21.57459
21.65859 21.65866 21.65195 21.65602 21.66150 21.66714 21.67276 21.67715 21.68192 21.63523
21.71577 21.71584 21.71715 21.71485 21.71734 21.72135 21.72591 21.73026 21.73497 21.69241
21.76985 21.76992 21.78034 21.77367 21.77204 21.77313 21.77566 21.77908 21.78321 21.74649
21.82116 21.82123 21.84078 21.83076 21.82580 21.82425 21.82442 21.82580 21.82888 21.79780
21.91649 21.91656 21.93612 21.93492 21.92565 21.91895 21.91441 21.91189 21.91158 21.89313
22.00352 22.00359 22.02315 22.02785 22.01842 22.01060 22.00402 21.99898 21.99566 21.98016
22.08358 22.08365 22.10321 22.10965 22.09940 22.09140 22.08454 22.07869 22.07429 22.06022
22.15771 22.15778 22.17733 22.18574 22.17249 22.16335 22.15634 22.15041 22.14568 22.13435
22.22671 22.22678 22.24634 22.25901 22.24105 22.22989 22.22184 22.21581 22.21104 22.20335
22.29126 22.29133 22.31089 22.33225 22.30734 22.29292 22.28330 22.27633 22.27129 22.26790
22.35190 22.35197 22.37152 22.41068 22.37268 22.35394 22.34203 22.33360 22.32800 22.32854
22.40906 22.40913 22.42869 22.46785 22.43710 22.41354 22.39914 22.38845 22.38256 22.38570
22.51444 22.51451 22.53406 22.57322 22.57920 22.53292 22.50981 22.49498 22.48527 22.49108
22.63224 22.63231 22.65186 22.69102 22.69700 22.68851 22.64863 22.62422 22.60944 22.60888
22.73761 22.73768 22.75723 22.79639 22.80237 22.83571 22.78376 22.75301 22.72896 22.71425
22.91995 22.92002 22.93957 22.97873 22.98471 23.01805 23.05284 22.99857 22.96619 22.94736