   33
    1   91
      .41813     -.00043
      .41816     -.00101
      .43826     -.00103
      .43828     -.00044
      .43826      .00014
      .43819      .00072
      .43807      .00129
      .43790      .00186
      .43768      .00241
      .43742      .00295
      .43711      .00348
      .43676      .00398
      .43636      .00447
      .43593      .00493
      .43546      .00536
      .43496      .00577
      .43442      .00614
      .43385      .00648
      .43325      .00679
      .43263      .00707
      .43199      .00730
      .43133      .00750
      .43065      .00767
      .42997      .00779
      .42927      .00787
      .42857      .00791
      .42786      .00791
      .42716      .00787
      .42647      .00779
      .42578      .00767
      .42510      .00751
      .42444      .00731
      .42380      .00707
      .42318      .00680
      .42258      .00649
      .42201      .00615
      .42147      .00577
      .42097      .00537
      .42050      .00494
      .42006      .00448
      .41967      .00399
      .41932      .00349
      .41901      .00297
      .41874      .00243
      .41853      .00187
      .41835      .00131
      .41823      .00073
      .41816      .00015
      .41813     -.00043
    2   91
      .41740     -.00044
      .41743     -.00107
      .41751     -.00169
      .41764     -.00230
      .41782     -.00291
      .41805     -.00351
      .41833     -.00409
      .41866     -.00465
      .41904     -.00519
      .41946     -.00571
      .41992     -.00620
      .43648     -.00621
      .43695     -.00572
      .43737     -.00520
      .43775     -.00466
      .43808     -.00410
      .43836     -.00352
      .43859     -.00293
      .43878     -.00232
      .43891     -.00170
      .43899     -.00108
      .43901     -.00046
      .43899      .00017
      .43891      .00079
      .43878      .00141
      .43860      .00201
      .43837      .00261
      .43808      .00319
      .43775      .00375
      .43738      .00429
      .43696      .00481
      .43649      .00530
      .43599      .00577
      .43545      .00620
      .43487      .00661
      .43426      .00697
      .43362      .00731
      .43295      .00760
      .43226      .00785
      .43156      .00807
      .43083      .00824
      .43009      .00837
      .42935      .00846
      .42859      .00850
      .42784      .00850
      .42709      .00846
      .42634      .00837
      .42560      .00825
      .42488      .00807
      .42417      .00786
      .42348      .00761
      .42281      .00731
      .42217      .00698
      .42156      .00661
      .42098      .00621
      .42044      .00578
      .41994      .00531
      .41947      .00482
      .41905      .00430
      .41867      .00376
      .41834      .00320
      .41806      .00262
      .41782      .00203
      .41764      .00142
      .41751      .00080
      .41743      .00018
      .41740     -.00044
    3   91
      .41558     -.00047
      .41561     -.00120
      .41570     -.00193
      .41586     -.00265
      .41607     -.00335
      .41634     -.00405
      .41667     -.00473
      .41706     -.00538
      .41750     -.00602
      .41799     -.00662
      .41853     -.00720
      .41912     -.00774
      .41975     -.00825
      .42043     -.00872
      .42114     -.00915
      .42189     -.00954
      .42266     -.00988
      .42347     -.01018
      .42430     -.01043
      .42514     -.01063
      .42601     -.01078
      .42688     -.01089
      .42776     -.01094
      .42864     -.01094
      .42952     -.01089
      .43039     -.01079
      .43125     -.01064
      .43210     -.01043
      .43293     -.01019
      .43373     -.00989
      .43451     -.00955
      .43526     -.00916
      .43597     -.00873
      .43665     -.00826
      .43728     -.00775
      .43787     -.00721
      .43842     -.00664
      .43891     -.00603
      .43935     -.00540
      .43974     -.00474
      .44007     -.00406
      .44034     -.00337
      .44056     -.00266
      .44071     -.00194
      .44080     -.00122
      .44083     -.00049
      .44080      .00024
      .44071      .00097
      .44056      .00169
      .44035      .00240
      .44008      .00309
      .43975      .00377
      .43936      .00443
      .43892      .00506
      .43843      .00567
      .43789      .00624
      .43730      .00679
      .43666      .00730
      .43599      .00777
      .43528      .00820
      .43453      .00858
      .43375      .00893
      .43295      .00922
      .43212      .00947
      .43127      .00968
      .43041      .00983
      .42954      .00993
      .42866      .00998
      .42778      .00998
      .42690      .00993
      .42603      .00983
      .42516      .00968
      .42432      .00948
      .42349      .00923
      .42268      .00893
      .42190      .00859
      .42116      .00820
      .42044      .00778
      .41977      .00731
      .41913      .00680
      .41854      .00626
      .41800      .00568
      .41751      .00508
      .41707      .00444
      .41668      .00379
      .41635      .00311
      .41607      .00242
      .41586      .00171
      .41571      .00099
      .41561      .00026
      .41558     -.00047
    4   91
      .40384     -.00064
      .40390     -.00205
      .40407     -.00345
      .40437     -.00484
      .40478     -.00621
      .40530     -.00755
      .40594     -.00886
      .40668     -.01013
      .40753     -.01135
      .40848     -.01252
      .40953     -.01363
      .41067     -.01468
      .41189     -.01566
      .41319     -.01657
      .41457     -.01740
      .41601     -.01815
      .41751     -.01881
      .41906     -.01938
      .42066     -.01987
      .42229     -.02026
      .42396     -.02055
      .42564     -.02075
      .42734     -.02085
      .42904     -.02085
      .43074     -.02075
      .43242     -.02056
      .43408     -.02026
      .43572     -.01988
      .43732     -.01940
      .43887     -.01882
      .44038     -.01816
      .44182     -.01742
      .44320     -.01659
      .44450     -.01568
      .44572     -.01470
      .44686     -.01366
      .44791     -.01255
      .44886     -.01138
      .44971     -.01016
      .45046     -.00889
      .45110     -.00758
      .45163     -.00624
      .45204     -.00487
      .45234     -.00349
      .45252     -.00208
      .45258     -.00067
      .45252      .00073
      .45234      .00214
      .45205      .00353
      .45164      .00489
      .45111      .00624
      .45048      .00754
      .44973      .00881
      .44888      .01003
      .44793      .01120
      .44689      .01231
      .44575      .01336
      .44453      .01434
      .44323      .01525
      .44185      .01608
      .44041      .01683
      .43891      .01749
      .43735      .01807
      .43576      .01855
      .43412      .01894
      .43246      .01923
      .43077      .01943
      .42908      .01953
      .42738      .01953
      .42568      .01943
      .42400      .01924
      .42233      .01895
      .42070      .01856
      .41910      .01808
      .41754      .01751
      .41604      .01685
      .41460      .01610
      .41322      .01527
      .41192      .01437
      .41069      .01339
      .40955      .01234
      .40851      .01123
      .40755      .01006
      .40670      .00884
      .40596      .00757
      .40532      .00627
      .40479      .00493
      .40438      .00356
      .40408      .00217
      .40390      .00077
      .40384     -.00064
    5   91
      .39319     -.00080
      .39327     -.00282
      .39352     -.00484
      .39395     -.00684
      .39454     -.00880
      .39529     -.01073
      .39620     -.01261
      .39727     -.01443
      .39849     -.01619
      .39986     -.01787
      .40136     -.01947
      .40300     -.02097
      .40475     -.02238
      .40662     -.02369
      .40860     -.02488
      .41067     -.02596
      .41283     -.02691
      .41506     -.02773
      .41736     -.02843
      .41971     -.02899
      .42210     -.02941
      .42452     -.02970
      .42696     -.02984
      .42940     -.02984
      .43184     -.02970
      .43426     -.02942
      .43665     -.02900
      .43900     -.02844
      .44130     -.02775
      .44354     -.02693
      .44570     -.02598
      .44777     -.02491
      .44975     -.02372
      .45162     -.02241
      .45338     -.02101
      .45502     -.01950
      .45653     -.01791
      .45789     -.01623
      .45912     -.01447
      .46019     -.01265
      .46111     -.01077
      .46187     -.00885
      .46246     -.00688
      .46289     -.00489
      .46314     -.00287
      .46323     -.00085
      .46315      .00118
      .46289      .00320
      .46247      .00519
      .46188      .00716
      .46113      .00909
      .46021      .01097
      .45914      .01279
      .45792      .01454
      .45656      .01622
      .45505      .01782
      .45342      .01933
      .45166      .02074
      .44979      .02204
      .44782      .02324
      .44574      .02431
      .44359      .02526
      .44135      .02609
      .43906      .02678
      .43671      .02734
      .43432      .02777
      .43190      .02805
      .42946      .02819
      .42701      .02820
      .42458      .02806
      .42215      .02777
      .41976      .02736
      .41741      .02680
      .41511      .02611
      .41288      .02528
      .41072      .02433
      .40865      .02326
      .40667      .02207
      .40479      .02077
      .40304      .01936
      .40140      .01786
      .39989      .01626
      .39852      .01458
      .39730      .01283
      .39623      .01101
      .39531      .00913
      .39455      .00720
      .39396      .00524
      .39353      .00324
      .39327      .00123
      .39319     -.00080
    6   91
      .38253     -.00096
      .38264     -.00360
      .38297     -.00623
      .38352     -.00883
      .38429     -.01140
      .38527     -.01391
      .38647     -.01636
      .38786     -.01874
      .38945     -.02103
      .39123     -.02322
      .39320     -.02530
      .39533     -.02727
      .39762     -.02911
      .40006     -.03081
      .40264     -.03236
      .40534     -.03377
      .40815     -.03501
      .41106     -.03608
      .41406     -.03699
      .41712     -.03772
      .42024     -.03827
      .42340     -.03864
      .42658     -.03883
      .42977     -.03883
      .43295     -.03865
      .43610     -.03828
      .43922     -.03774
      .44229     -.03701
      .44528     -.03611
      .44820     -.03503
      .45101     -.03380
      .45372     -.03240
      .45630     -.03084
      .45874     -.02915
      .46104     -.02731
      .46317     -.02535
      .46514     -.02327
      .46692     -.02108
      .46852     -.01879
      .46992     -.01642
      .47112     -.01397
      .47210     -.01145
      .47288     -.00889
      .47343     -.00629
      .47377     -.00366
      .47388     -.00102
      .47378      .00162
      .47344      .00425
      .47289      .00686
      .47212      .00942
      .47114      .01194
      .46995      .01439
      .46855      .01676
      .46696      .01905
      .46518      .02125
      .46322      .02333
      .46109      .02530
      .45880      .02713
      .45636      .02883
      .45378      .03039
      .45108      .03179
      .44826      .03303
      .44535      .03411
      .44236      .03502
      .43929      .03575
      .43618      .03630
      .43302      .03667
      .42984      .03686
      .42665      .03686
      .42347      .03668
      .42031      .03631
      .41719      .03576
      .41413      .03504
      .41113      .03413
      .40822      .03306
      .40540      .03182
      .40270      .03042
      .40012      .02887
      .39767      .02717
      .39538      .02534
      .39324      .02338
      .39128      .02130
      .38949      .01911
      .38790      .01682
      .38650      .01444
      .38530      .01199
      .38431      .00948
      .38354      .00692
      .38298      .00431
      .38265      .00169
      .38253     -.00096
    7   91
      .37188     -.00111
      .37201     -.00437
      .37242     -.00761
      .37310     -.01082
      .37405     -.01399
      .37526     -.01709
      .37673     -.02011
      .37845     -.02304
      .38041     -.02587
      .38261     -.02857
      .38503     -.03114
      .38766     -.03356
      .39048     -.03583
      .39349     -.03793
      .39667     -.03985
      .40000     -.04158
      .40347     -.04311
      .40707     -.04444
      .41076     -.04555
      .41454     -.04645
      .41838     -.04713
      .42228     -.04759
      .42620     -.04782
      .43013     -.04782
      .43405     -.04760
      .43795     -.04715
      .44179     -.04647
      .44557     -.04558
      .44927     -.04446
      .45286     -.04314
      .45633     -.04161
      .45967     -.03989
      .46285     -.03797
      .46587     -.03588
      .46870     -.03362
      .47133     -.03120
      .47375     -.02863
      .47595     -.02593
      .47792     -.02311
      .47965     -.02018
      .48113     -.01716
      .48234     -.01406
      .48330     -.01090
      .48398     -.00769
      .48440     -.00445
      .48454     -.00119
      .48440      .00207
      .48400      .00531
      .48332      .00852
      .48237      .01169
      .48116      .01479
      .47969      .01781
      .47797      .02074
      .47600      .02356
      .47381      .02627
      .47139      .02884
      .46876      .03126
      .46593      .03353
      .46292      .03563
      .45974      .03754
      .45641      .03927
      .45294      .04081
      .44935      .04213
      .44566      .04325
      .44188      .04415
      .43803      .04483
      .43414      .04529
      .43022      .04552
      .42629      .04552
      .42236      .04530
      .41847      .04485
      .41462      .04417
      .41084      .04327
      .40715      .04216
      .40356      .04084
      .40008      .03931
      .39675      .03759
      .39356      .03567
      .39055      .03358
      .38772      .03132
      .38509      .02890
      .38266      .02633
      .38046      .02363
      .37849      .02081
      .37677      .01788
      .37529      .01486
      .37407      .01176
      .37312      .00860
      .37243      .00539
      .37202      .00214
      .37188     -.00111
    8   91
      .36122     -.00127
      .36138     -.00514
      .36187     -.00900
      .36268     -.01282
      .36380     -.01658
      .36525     -.02027
      .36699     -.02386
      .36904     -.02735
      .37137     -.03070
      .37399     -.03392
      .37686     -.03698
      .37999     -.03986
      .38335     -.04255
      .38693     -.04505
      .39071     -.04733
      .39467     -.04938
      .39880     -.05121
      .40307     -.05279
      .40746     -.05412
      .41195     -.05519
      .41652     -.05600
      .42115     -.05654
      .42582     -.05681
      .43049     -.05681
      .43516     -.05655
      .43979     -.05601
      .44436     -.05521
      .44886     -.05414
      .45325     -.05282
      .45752     -.05125
      .46165     -.04943
      .46562     -.04738
      .46941     -.04510
      .47299     -.04261
      .47636     -.03992
      .47949     -.03704
      .48237     -.03399
      .48499     -.03078
      .48733     -.02742
      .48938     -.02394
      .49113     -.02035
      .49258     -.01666
      .49372     -.01290
      .49453     -.00909
      .49503     -.00523
      .49519     -.00136
      .49503      .00251
      .49455      .00637
      .49374      .01019
      .49261      .01395
      .49117      .01764
      .48942      .02123
      .48738      .02472
      .48504      .02808
      .48243      .03129
      .47956      .03435
      .47643      .03723
      .47307      .03992
      .46949      .04242
      .46571      .04470
      .46175      .04676
      .45762      .04858
      .45335      .05016
      .44896      .05149
      .44446      .05256
      .43989      .05337
      .43526      .05391
      .43060      .05418
      .42592      .05418
      .42126      .05392
      .41663      .05338
      .41206      .05258
      .40756      .05151
      .40317      .05019
      .39889      .04862
      .39476      .04680
      .39080      .04475
      .38701      .04247
      .38343      .03998
      .38006      .03729
      .37693      .03441
      .37405      .03136
      .37143      .02815
      .36909      .02479
      .36704      .02131
      .36528      .01772
      .36383      .01403
      .36270      .01027
      .36188      .00646
      .36139      .00260
      .36122     -.00127
    9   91
      .35057     -.00143
      .35076     -.00592
      .35132     -.01039
      .35225     -.01481
      .35356     -.01917
      .35523     -.02344
      .35726     -.02761
      .35963     -.03165
      .36233     -.03554
      .36536     -.03927
      .36869     -.04281
      .37232     -.04615
      .37621     -.04928
      .38036     -.05217
      .38474     -.05481
      .38934     -.05719
      .39412     -.05931
      .39907     -.06114
      .40416     -.06268
      .40937     -.06392
      .41467     -.06486
      .42003     -.06549
      .42544     -.06580
      .43086     -.06581
      .43626     -.06550
      .44163     -.06487
      .44693     -.06394
      .45214     -.06271
      .45723     -.06118
      .46219     -.05935
      .46697     -.05725
      .47157     -.05487
      .47596     -.05223
      .48011     -.04935
      .48401     -.04623
      .48764     -.04289
      .49098     -.03935
      .49402     -.03563
      .49673     -.03174
      .49911     -.02771
      .50114     -.02354
      .50282     -.01927
      .50414     -.01491
      .50508     -.01049
      .50565     -.00602
      .50585     -.00153
      .50566      .00296
      .50510      .00743
      .50416      .01185
      .50286      .01621
      .50119      .02049
      .49916      .02465
      .49679      .02869
      .49408      .03259
      .49105      .03631
      .48772      .03985
      .48410      .04320
      .48020      .04632
      .47606      .04921
      .47167      .05185
      .46708      .05424
      .46230      .05635
      .45735      .05818
      .45226      .05972
      .44705      .06096
      .44175      .06190
      .43639      .06253
      .43098      .06284
      .42556      .06285
      .42015      .06254
      .41479      .06192
      .40949      .06099
      .40428      .05975
      .39918      .05822
      .39423      .05639
      .38944      .05429
      .38484      .05191
      .38046      .04927
      .37630      .04639
      .37240      .04327
      .36877      .03993
      .36543      .03640
      .36240      .03267
      .35969      .02878
      .35731      .02475
      .35527      .02058
      .35360      .01631
      .35228      .01195
      .35133      .00753
      .35076      .00306
      .35057     -.00143
   10   91
      .33992     -.00158
      .34013     -.00669
      .34077     -.01177
      .34183     -.01680
      .34332     -.02176
      .34522     -.02662
      .34752     -.03136
      .35022     -.03596
      .35330     -.04038
      .35674     -.04462
      .36053     -.04865
      .36465     -.05245
      .36908     -.05600
      .37379     -.05929
      .37878     -.06229
      .38400     -.06500
      .38944     -.06741
      .39507     -.06949
      .40086     -.07124
      .40678     -.07265
      .41281     -.07372
      .41891     -.07443
      .42506     -.07479
      .43122     -.07480
      .43737     -.07445
      .44347     -.07374
      .44950     -.07268
      .45543     -.07128
      .46122     -.06953
      .46685     -.06746
      .47229     -.06506
      .47752     -.06236
      .48251     -.05936
      .48723     -.05608
      .49167     -.05253
      .49580     -.04874
      .49960     -.04471
      .50305     -.04048
      .50613     -.03606
      .50884     -.03147
      .51115     -.02673
      .51306     -.02188
      .51456     -.01692
      .51563     -.01189
      .51628     -.00681
      .51650     -.00170
      .51629      .00340
      .51565      .00849
      .51459      .01352
      .51310      .01848
      .51120      .02334
      .50890      .02808
      .50620      .03267
      .50312      .03710
      .49968      .04133
      .49589      .04536
      .49177      .04916
      .48734      .05271
      .48262      .05600
      .47764      .05901
      .47242      .06172
      .46698      .06412
      .46135      .06620
      .45556      .06795
      .44964      .06937
      .44361      .07043
      .43751      .07115
      .43136      .07151
      .42520      .07151
      .41905      .07116
      .41295      .07045
      .40692      .06939
      .40099      .06799
      .39520      .06625
      .38957      .06417
      .38412      .06178
      .37889      .05907
      .37391      .05607
      .36918      .05279
      .36475      .04925
      .36062      .04545
      .35682      .04143
      .35337      .03719
      .35028      .03277
      .34758      .02818
      .34527      .02345
      .34336      .01859
      .34186      .01363
      .34079      .00860
      .34014      .00352
      .33992     -.00158
   11   91
      .32926     -.00174
      .32950     -.00746
      .33021     -.01316
      .33141     -.01880
      .33307     -.02436
      .33520     -.02980
      .33778     -.03511
      .34081     -.04026
      .34426     -.04522
      .34811     -.04997
      .35236     -.05449
      .35698     -.05874
      .36194     -.06272
      .36723     -.06641
      .37281     -.06978
      .37867     -.07281
      .38476     -.07551
      .39107     -.07784
      .39756     -.07980
      .40419     -.08138
      .41095     -.08258
      .41779     -.08338
      .42468     -.08378
      .43158     -.08379
      .43847     -.08339
      .44531     -.08260
      .45207     -.08142
      .45871     -.07984
      .46520     -.07789
      .47151     -.07556
      .47761     -.07288
      .48347     -.06985
      .48906     -.06649
      .49436     -.06281
      .49933     -.05884
      .50395     -.05459
      .50821     -.05008
      .51208     -.04533
      .51554     -.04038
      .51857     -.03523
      .52116     -.02992
      .52330     -.02448
      .52498     -.01893
      .52618     -.01329
      .52691     -.00759
      .52715     -.00187
      .52692      .00385
      .52620      .00954
      .52501      .01518
      .52334      .02074
      .52121      .02619
      .51863      .03150
      .51561      .03665
      .51216      .04161
      .50830      .04636
      .50406      .05087
      .49944      .05513
      .49447      .05911
      .48919      .06279
      .48360      .06616
      .47775      .06920
      .47165      .07189
      .46535      .07422
      .45886      .07619
      .45222      .07777
      .44547      .07896
      .43863      .07977
      .43174      .08017
      .42483      .08017
      .41794      .07978
      .41110      .07899
      .40435      .07780
      .39771      .07623
      .39122      .07427
      .38490      .07195
      .37880      .06927
      .37294      .06623
      .36735      .06287
      .36206      .05920
      .35709      .05522
      .35246      .05097
      .34821      .04646
      .34434      .04172
      .34088      .03676
      .33785      .03162
      .33526      .02631
      .33312      .02087
      .33144      .01531
      .33024      .00967
      .32951      .00398
      .32926     -.00174
   12   91
      .31861     -.00190
      .31887     -.00824
      .31966     -.01455
      .32099     -.02079
      .32283     -.02695
      .32519     -.03298
      .32805     -.03886
      .33140     -.04456
      .33522     -.05006
      .33949     -.05532
      .34419     -.06032
      .34931     -.06504
      .35481     -.06945
      .36066     -.07353
      .36685     -.07726
      .37333     -.08062
      .38008     -.08361
      .38707     -.08619
      .39426     -.08836
      .40161     -.09012
      .40909     -.09144
      .41667     -.09233
      .42430     -.09278
      .43195     -.09278
      .43958     -.09234
      .44715     -.09147
      .45464     -.09015
      .46199     -.08841
      .46918     -.08624
      .47618     -.08367
      .48293     -.08070
      .48942     -.07734
      .49562     -.07362
      .50148     -.06954
      .50699     -.06514
      .51211     -.06043
      .51683     -.05544
      .52111     -.05018
      .52494     -.04469
      .52830     -.03899
      .53117     -.03312
      .53354     -.02709
      .53539     -.02093
      .53673     -.01469
      .53754     -.00838
      .53781     -.00204
      .53755      .00429
      .53675      .01060
      .53543      .01685
      .53359      .02300
      .53123      .02904
      .52837      .03492
      .52502      .04062
      .52120      .04612
      .51693      .05138
      .51222      .05638
      .50711      .06109
      .50161      .06550
      .49575      .06958
      .48957      .07332
      .48308      .07668
      .47633      .07966
      .46935      .08225
      .46216      .08442
      .45481      .08617
      .44733      .08750
      .43975      .08839
      .43212      .08883
      .42447      .08884
      .41684      .08840
      .40926      .08752
      .40178      .08621
      .39442      .08447
      .38723      .08230
      .38024      .07973
      .37348      .07675
      .36699      .07340
      .36080      .06967
      .35494      .06560
      .34943      .06120
      .34431      .05649
      .33959      .05149
      .33531      .04624
      .33148      .04075
      .32812      .03505
      .32525      .02917
      .32288      .02314
      .32102      .01699
      .31969      .01075
      .31888      .00444
      .31861     -.00190
   13   91
      .30795     -.00206
      .30824     -.00901
      .30911     -.01593
      .31056     -.02279
      .31259     -.02954
      .31517     -.03616
      .31831     -.04261
      .32199     -.04887
      .32618     -.05490
      .33086     -.06067
      .33603     -.06616
      .34164     -.07133
      .34767     -.07617
      .35410     -.08065
      .36088     -.08474
      .36800     -.08843
      .37541     -.09171
      .38307     -.09454
      .39096     -.09693
      .39902     -.09885
      .40723     -.10030
      .41554     -.10128
      .42392     -.10177
      .43231     -.10177
      .44068     -.10129
      .44900     -.10033
      .45721     -.09889
      .46528     -.09698
      .47317     -.09460
      .48084     -.09178
      .48825     -.08851
      .49537     -.08483
      .50217     -.08075
      .50860     -.07628
      .51465     -.07145
      .52027     -.06628
      .52544     -.06080
      .53014     -.05503
      .53434     -.04901
      .53803     -.04276
      .54118     -.03631
      .54378     -.02969
      .54581     -.02294
      .54728     -.01609
      .54816     -.00917
      .54846     -.00222
      .54818      .00474
      .54731      .01166
      .54585      .01851
      .54383      .02527
      .54124      .03189
      .53810      .03834
      .53443      .04460
      .53024      .05063
      .52555      .05640
      .52039      .06189
      .51478      .06706
      .50874      .07190
      .50232      .07638
      .49553      .08047
      .48842      .08416
      .48101      .08743
      .47334      .09027
      .46546      .09266
      .45739      .09458
      .44918      .09603
      .44087      .09700
      .43250      .09750
      .42411      .09750
      .41573      .09702
      .40742      .09606
      .39921      .09462
      .39114      .09270
      .38325      .09033
      .37558      .08750
      .36816      .08424
      .36104      .08056
      .35425      .07647
      .34781      .07201
      .34177      .06718
      .33615      .06201
      .33098      .05653
      .32628      .05076
      .32208      .04474
      .31839      .03849
      .31524      .03204
      .31264      .02542
      .31060      .01867
      .30914      .01182
      .30825      .00490
      .30795     -.00206
   14   91
      .29730     -.00221
      .29761     -.00978
      .29856     -.01732
      .30014     -.02478
      .30234     -.03213
      .30516     -.03934
      .30858     -.04636
      .31257     -.05317
      .31714     -.05974
      .32224     -.06602
      .32786     -.07199
      .33397     -.07763
      .34054     -.08289
      .34753     -.08777
      .35492     -.09222
      .36266     -.09624
      .37073     -.09981
      .37907     -.10289
      .38766     -.10549
      .39644     -.10758
      .40537     -.10916
      .41442     -.11022
      .42354     -.11076
      .43267     -.11076
      .44179     -.11024
      .45084     -.10919
      .45978     -.10762
      .46856     -.10554
      .47715     -.10296
      .48550     -.09988
      .49357     -.09633
      .50132     -.09232
      .50872     -.08787
      .51573     -.08301
      .52230     -.07775
      .52842     -.07213
      .53405     -.06616
      .53917     -.05988
      .54374     -.05333
      .54776     -.04652
      .55119     -.03950
      .55402     -.03230
      .55623     -.02495
      .55783     -.01749
      .55879     -.00996
      .55912     -.00239
      .55880      .00518
      .55786      .01272
      .55628      .02018
      .55407      .02753
      .55126      .03474
      .54784      .04176
      .54384      .04857
      .53928      .05514
      .53418      .06142
      .52856      .06739
      .52245      .07303
      .51588      .07829
      .50889      .08317
      .50150      .08763
      .49375      .09164
      .48569      .09521
      .47734      .09829
      .46876      .10089
      .45998      .10298
      .45104      .10456
      .44200      .10562
      .43288      .10616
      .42374      .10616
      .41463      .10564
      .40558      .10459
      .39664      .10302
      .38785      .10094
      .37927      .09836
      .37092      .09528
      .36284      .09173
      .35509      .08772
      .34770      .08327
      .34069      .07841
      .33411      .07315
      .32799      .06753
      .32236      .06156
      .31725      .05528
      .31267      .04873
      .30866      .04192
      .30523      .03490
      .30240      .02770
      .30018      .02035
      .29859      .01289
      .29763      .00536
      .29730     -.00221
   15   91
      .28665     -.00237
      .28698     -.01056
      .28801     -.01870
      .28972     -.02677
      .29210     -.03472
      .29515     -.04252
      .29884     -.05011
      .30316     -.05748
      .30810     -.06458
      .31362     -.07137
      .31969     -.07783
      .32630     -.08392
      .33340     -.08962
      .34097     -.09489
      .34895     -.09971
      .35733     -.10405
      .36605     -.10791
      .37507     -.11124
      .38436     -.11405
      .39385     -.11632
      .40352     -.11802
      .41330     -.11917
      .42316     -.11975
      .43304     -.11976
      .44289     -.11919
      .45268     -.11806
      .46235     -.11636
      .47185     -.11411
      .48113     -.11131
      .49016     -.10799
      .49889     -.10415
      .50728     -.09981
      .51527     -.09500
      .52285     -.08974
      .52996     -.08406
      .53658     -.07797
      .54267     -.07152
      .54820     -.06473
      .55315     -.05764
      .55749     -.05028
      .56119     -.04269
      .56426     -.03490
      .56665     -.02696
      .56838     -.01889
      .56942     -.01074
      .56977     -.00256
      .56943      .00563
      .56841      .01378
      .56670      .02185
      .56432      .02979
      .56127      .03759
      .55758      .04519
      .55325      .05255
      .54832      .05965
      .54280      .06644
      .53672      .07290
      .53012      .07899
      .52302      .08469
      .51545      .08996
      .50746      .09478
      .49909      .09913
      .49037      .10298
      .48134      .10632
      .47206      .10912
      .46256      .11139
      .45290      .11310
      .44312      .11424
      .43326      .11482
      .42338      .11483
      .41352      .11426
      .40374      .11313
      .39407      .11143
      .38457      .10918
      .37528      .10639
      .36625      .10306
      .35752      .09922
      .34914      .09488
      .34114      .09007
      .33357      .08481
      .32646      .07913
      .31984      .07305
      .31375      .06659
      .30822      .05981
      .30327      .05272
      .29893      .04536
      .29522      .03776
      .29216      .02997
      .28976      .02203
      .28804      .01396
      .28700      .00582
      .28665     -.00237
   16   91
      .27599     -.00253
      .27635     -.01133
      .27746     -.02009
      .27929     -.02877
      .28186     -.03732
      .28513     -.04569
      .28910     -.05386
      .29375     -.06178
      .29906     -.06941
      .30499     -.07672
      .31153     -.08367
      .31863     -.09022
      .32627     -.09634
      .33440     -.10201
      .34299     -.10719
      .35200     -.11186
      .36137     -.11601
      .37107     -.11959
      .38106     -.12261
      .39127     -.12505
      .40166     -.12689
      .41218     -.12812
      .42277     -.12874
      .43340     -.12875
      .44400     -.12814
      .45452     -.12692
      .46491     -.12510
      .47513     -.12268
      .48512     -.11967
      .49483     -.11609
      .50421     -.11196
      .51323     -.10730
      .52183     -.10213
      .52997     -.09647
      .53762     -.09036
      .54473     -.08382
      .55128     -.07688
      .55723     -.06959
      .56255     -.06196
      .56722     -.05405
      .57120     -.04588
      .57449     -.03751
      .57707     -.02896
      .57893     -.02029
      .58004     -.01153
      .58042     -.00273
      .58006      .00607
      .57896      .01483
      .57712      .02351
      .57456      .03206
      .57129      .04044
      .56731      .04861
      .56266      .05653
      .55736      .06416
      .55142      .07146
      .54489      .07841
      .53779      .08496
      .53015      .09108
      .52202      .09675
      .51343      .10193
      .50442      .10661
      .49504      .11075
      .48534      .11434
      .47536      .11736
      .46515      .11979
      .45476      .12163
      .44424      .12286
      .43364      .12348
      .42302      .12349
      .41242      .12288
      .40190      .12166
      .39150      .11984
      .38129      .11742
      .37130      .11441
      .36159      .11084
      .35221      .10671
      .34319      .10205
      .33459      .09687
      .32645      .09122
      .31880      .08510
      .31168      .07856
      .30513      .07163
      .29919      .06433
      .29387      .05670
      .28920      .04879
      .28521      .04063
      .28192      .03225
      .27934      .02371
      .27749      .01503
      .27637      .00627
      .27599     -.00253
   17   91
      .26534     -.00268
      .26573     -.01210
      .26691     -.02148
      .26887     -.03076
      .27161     -.03991
      .27512     -.04887
      .27937     -.05761
      .28434     -.06609
      .29002     -.07425
      .29637     -.08207
      .30336     -.08950
      .31096     -.09651
      .31913     -.10306
      .32783     -.10913
      .33703     -.11467
      .34666     -.11967
      .35669     -.12411
      .36708     -.12795
      .37776     -.13118
      .38868     -.13378
      .39980     -.13575
      .41105     -.13707
      .42239     -.13773
      .43376     -.13774
      .44510     -.13709
      .45636     -.13578
      .46748     -.13383
      .47841     -.13124
      .48910     -.12803
      .49949     -.12420
      .50953     -.11978
      .51918     -.11479
      .52838     -.10926
      .53709     -.10321
      .54528     -.09667
      .55289     -.08967
      .55990     -.08225
      .56626     -.07444
      .57195     -.06628
      .57694     -.05781
      .58121     -.04907
      .58473     -.04011
      .58749     -.03097
      .58947     -.02169
      .59067     -.01232
      .59108     -.00290
      .59069      .00652
      .58951      .01589
      .58755      .02518
      .58480      .03432
      .58130      .04329
      .57705      .05203
      .57207      .06050
      .56640      .06867
      .56005      .07649
      .55306      .08392
      .54546      .09093
      .53729      .09748
      .52858      .10354
      .51939      .10909
      .50976      .11409
      .49972      .11852
      .48934      .12236
      .47866      .12559
      .46774      .12820
      .45662      .13016
      .44536      .13148
      .43402      .13215
      .42265      .13215
      .41131      .13150
      .40005      .13020
      .38893      .12825
      .37800      .12566
      .36732      .12244
      .35693      .11861
      .34689      .11420
      .33724      .10921
      .32804      .10368
      .31932      .09762
      .31114      .09108
      .30353      .08408
      .29652      .07666
      .29016      .06885
      .28446      .06069
      .27947      .05223
      .27521      .04349
      .27168      .03453
      .26892      .02539
      .26694      .01611
      .26574      .00673
      .26534     -.00268
   18   91
      .25468     -.00284
      .25510     -.01288
      .25635     -.02286
      .25845     -.03275
      .26137     -.04250
      .26510     -.05205
      .26963     -.06136
      .27493     -.07039
      .28098     -.07909
      .28774     -.08742
      .29519     -.09534
      .30329     -.10281
      .31200     -.10979
      .32127     -.11625
      .33106     -.12216
      .34133     -.12748
      .35202     -.13220
      .36308     -.13630
      .37446     -.13974
      .38609     -.14251
      .39794     -.14461
      .40993     -.14601
      .42201     -.14672
      .43413     -.14673
      .44621     -.14604
      .45820     -.14465
      .47005     -.14257
      .48170     -.13981
      .49308     -.13638
      .50415     -.13231
      .51485     -.12760
      .52513     -.12228
      .53493     -.11639
      .54422     -.10994
      .55293     -.10297
      .56105     -.09551
      .56851     -.08761
      .57529     -.07929
      .58136     -.07059
      .58667     -.06157
      .59122     -.05227
      .59497     -.04272
      .59791     -.03298
      .60002     -.02309
      .60130     -.01311
      .60173     -.00307
      .60132      .00696
      .60006      .01695
      .59797      .02684
      .59505      .03659
      .59131      .04614
      .58679      .05545
      .58149      .06448
      .57544      .07318
      .56867      .08151
      .56122      .08943
      .55313      .09689
      .54442      .10387
      .53515      .11033
      .52536      .11624
      .51509      .12157
      .50440      .12629
      .49334      .13038
      .48196      .13382
      .47032      .13660
      .45848      .13870
      .44648      .14010
      .43440      .14081
      .42229      .14082
      .41021      .14013
      .39821      .13874
      .38636      .13666
      .37472      .13390
      .36333      .13047
      .35226      .12639
      .34157      .12169
      .33129      .11637
      .32149      .11048
      .31220      .10403
      .30348      .09706
      .29537      .08960
      .28791      .08169
      .28112      .07337
      .27506      .06468
      .26974      .05566
      .26520      .04635
      .26144      .03681
      .25851      .02707
      .25639      .01718
      .25512      .00719
      .25468     -.00284
   19   91
      .24403     -.00300
      .24447     -.01365
      .24580     -.02425
      .24802     -.03475
      .25112     -.04509
      .25509     -.05523
      .25989     -.06511
      .26552     -.07470
      .27194     -.08393
      .27912     -.09277
      .28703     -.10118
      .29562     -.10910
      .30486     -.11651
      .31470     -.12337
      .32510     -.12964
      .33599     -.13529
      .34734     -.14030
      .35908     -.14465
      .37115     -.14830
      .38351     -.15125
      .39608     -.15347
      .40881     -.15496
      .42163     -.15571
      .43449     -.15572
      .44731     -.15499
      .46005     -.15351
      .47262     -.15130
      .48498     -.14838
      .49707     -.14474
      .50881     -.14041
      .52017     -.13542
      .53108     -.12977
      .54148     -.12352
      .55134     -.11667
      .56059     -.10928
      .56920     -.10136
      .57713     -.09297
      .58432     -.08414
      .59076     -.07491
      .59640     -.06534
      .60123     -.05546
      .60521     -.04532
      .60833     -.03499
      .61057     -.02449
      .61193     -.01389
      .61239     -.00324
      .61195      .00741
      .61061      .01801
      .60839      .02851
      .60529      .03885
      .60133      .04899
      .59652      .05887
      .59090      .06846
      .58448      .07769
      .57730      .08653
      .56939      .09493
      .56080      .10286
      .55156      .11027
      .54172      .11713
      .53132      .12340
      .52042      .12905
      .50908      .13406
      .49734      .13841
      .48526      .14206
      .47291      .14500
      .46033      .14723
      .44761      .14872
      .43478      .14947
      .42193      .14948
      .40910      .14875
      .39637      .14727
      .38379      .14506
      .37143      .14213
      .35935      .13850
      .34760      .13417
      .33625      .12917
      .32534      .12353
      .31493      .11728
      .30508      .11043
      .29582      .10303
      .28721      .09512
      .27929      .08673
      .27209      .07790
      .26566      .06867
      .26001      .05910
      .25519      .04922
      .25121      .03908
      .24809      .02874
      .24584      .01825
      .24449      .00765
      .24403     -.00300
   20   91
      .23338     -.00316
      .23384     -.01442
      .23525     -.02564
      .23760     -.03674
      .24088     -.04768
      .24507     -.05841
      .25016     -.06886
      .25611     -.07900
      .26290     -.08877
      .27049     -.09812
      .27886     -.10701
      .28795     -.11540
      .29773     -.12323
      .30814     -.13049
      .31913     -.13712
      .33066     -.14310
      .34266     -.14840
      .35508     -.15300
      .36785     -.15686
      .38092     -.15998
      .39422     -.16233
      .40769     -.16391
      .42125     -.16470
      .43485     -.16471
      .44842     -.16394
      .46189     -.16238
      .47519     -.16004
      .48827     -.15694
      .50105     -.15309
      .51348     -.14852
      .52549     -.14323
      .53703     -.13727
      .54804     -.13065
      .55846     -.12341
      .56825     -.11558
      .57736     -.10721
      .58574     -.09833
      .59335     -.08899
      .60016     -.07923
      .60613     -.06910
      .61124     -.05865
      .61545     -.04793
      .61875     -.03699
      .62112     -.02589
      .62255     -.01468
      .62304     -.00341
      .62258      .00785
      .62117      .01907
      .61881      .03017
      .61554      .04111
      .61134      .05184
      .60626      .06229
      .60031      .07243
      .59352      .08220
      .58592      .09155
      .57756      .10044
      .56847      .10883
      .55869      .11666
      .54828      .12392
      .53729      .13055
      .52576      .13653
      .51376      .14183
      .50134      .14643
      .48856      .15029
      .47549      .15341
      .46219      .15576
      .44873      .15734
      .43516      .15814
      .42156      .15814
      .40800      .15737
      .39453      .15581
      .38122      .15347
      .36815      .15037
      .35537      .14652
      .34294      .14195
      .33093      .13666
      .31939      .13070
      .30838      .12408
      .29796      .11684
      .28817      .10901
      .27906      .10064
      .27068      .09176
      .26306      .08242
      .25625      .07266
      .25028      .06253
      .24518      .05208
      .24097      .04136
      .23767      .03042
      .23529      .01932
      .23386      .00811
      .23338     -.00316
   21   91
      .22272     -.00331
      .22321     -.01520
      .22470     -.02702
      .22718     -.03874
      .23064     -.05027
      .23506     -.06159
      .24042     -.07261
      .24670     -.08331
      .25386     -.09361
      .26187     -.10347
      .27069     -.11285
      .28028     -.12169
      .29059     -.12996
      .30157     -.13761
      .31317     -.14460
      .32532     -.15091
      .33798     -.15650
      .35108     -.16135
      .36455     -.16542
      .37834     -.16871
      .39236     -.17119
      .40657     -.17286
      .42087     -.17370
      .43522     -.17371
      .44952     -.17289
      .46373     -.17124
      .47776     -.16878
      .49155     -.16551
      .50503     -.16145
      .51814     -.15662
      .53081     -.15105
      .54298     -.14476
      .55459     -.13777
      .56558     -.13014
      .57591     -.12189
      .58551     -.11306
      .59435     -.10369
      .60238     -.09384
      .60956     -.08355
      .61586     -.07286
      .62125     -.06184
      .62569     -.05054
      .62917     -.03900
      .63167     -.02729
      .63318     -.01547
      .63369     -.00358
      .63320      .00830
      .63172      .02013
      .62924      .03184
      .62578      .04338
      .62136      .05469
      .61600      .06572
      .60972      .07641
      .60256      .08671
      .59455      .09657
      .58572      .10595
      .57614      .11479
      .56583      .12306
      .55485      .13071
      .54325      .13771
      .53109      .14402
      .51843      .14961
      .50534      .15445
      .49186      .15853
      .47808      .16181
      .46405      .16429
      .44985      .16596
      .43554      .16680
      .42120      .16681
      .40689      .16599
      .39269      .16434
      .37866      .16188
      .36487      .15861
      .35138      .15455
      .33828      .14972
      .32561      .14415
      .31344      .13786
      .30183      .13088
      .29083      .12324
      .28051      .11499
      .27090      .10616
      .26206      .09679
      .25403      .08694
      .24685      .07665
      .24055      .06596
      .23517      .05494
      .23073      .04364
      .22725      .03210
      .22474      .02039
      .22323      .00857
      .22272     -.00331
   22   91
      .21207     -.00347
      .21258     -.01597
      .21415     -.02841
      .21676     -.04073
      .22039     -.05287
      .22504     -.06477
      .23068     -.07637
      .23729     -.08761
      .24482     -.09845
      .25325     -.10882
      .26252     -.11868
      .27261     -.12799
      .28345     -.13668
      .29500     -.14473
      .30720     -.15209
      .31999     -.15872
      .33330     -.16460
      .34708     -.16970
      .36125     -.17399
      .37575     -.17744
      .39051     -.18005
      .40544     -.18180
      .42049     -.18269
      .43558     -.18270
      .45063     -.18183
      .46557     -.18010
      .48033     -.17751
      .49484     -.17408
      .50902     -.16981
      .52280     -.16473
      .53613     -.15887
      .54893     -.15225
      .56114     -.14490
      .57271     -.13687
      .58357     -.12819
      .59367     -.11890
      .60297     -.10905
      .61141     -.09869
      .61897     -.08786
      .62559     -.07663
      .63125     -.06503
      .63593     -.05314
      .63959     -.04101
      .64222     -.02869
      .64381     -.01626
      .64435     -.00376
      .64383      .00874
      .64227      .02118
      .63966      .03350
      .63602      .04564
      .63137      .05754
      .62573      .06914
      .61913      .08038
      .61160      .09122
      .60317      .10160
      .59389      .11146
      .58381      .12076
      .57296      .12945
      .56141      .13750
      .54921      .14486
      .53643      .15150
      .52311      .15738
      .50934      .16247
      .49516      .16676
      .48066      .17022
      .46591      .17283
      .45097      .17458
      .43592      .17546
      .42084      .17547
      .40579      .17461
      .39085      .17288
      .37609      .17029
      .36158      .16685
      .34740      .16258
      .33361      .15750
      .32029      .15164
      .30749      .14502
      .29527      .13768
      .28371      .12964
      .27285      .12096
      .26275      .11168
      .25345      .10183
      .24500      .09146
      .23745      .08064
      .23082      .06940
      .22516      .05781
      .22049      .04591
      .21683      .03378
      .21420      .02147
      .21261      .00903
      .21207     -.00347
   23   91
      .20141     -.00363
      .20195     -.01674
      .20360     -.02980
      .20633     -.04272
      .21015     -.05546
      .21503     -.06794
      .22095     -.08012
      .22788     -.09192
      .23578     -.10329
      .24462     -.11417
      .25436     -.12452
      .26494     -.13428
      .27632     -.14340
      .28844     -.15185
      .30124     -.15957
      .31465     -.16653
      .32863     -.17270
      .34308     -.17805
      .35795     -.18255
      .37317     -.18618
      .38865     -.18892
      .40432     -.19075
      .42011     -.19168
      .43594     -.19169
      .45174     -.19078
      .46741     -.18897
      .48290     -.18625
      .49812     -.18264
      .51300     -.17816
      .52747     -.17283
      .54145     -.16668
      .55488     -.15974
      .56769     -.15203
      .57983     -.14360
      .59122     -.13450
      .60183     -.12475
      .61158     -.11441
      .62044     -.10354
      .62837     -.09218
      .63532     -.08039
      .64126     -.06822
      .64617     -.05575
      .65001     -.04302
      .65277     -.03009
      .65444     -.01704
      .65500     -.00393
      .65446      .00919
      .65282      .02224
      .65008      .03517
      .64627      .04790
      .64139      .06039
      .63547      .07256
      .62854      .08436
      .62064      .09573
      .61179      .10662
      .60206      .11697
      .59148      .12672
      .58010      .13585
      .56798      .14429
      .55518      .15202
      .54176      .15898
      .52779      .16515
      .51333      .17050
      .49846      .17499
      .48325      .17862
      .46777      .18136
      .45209      .18320
      .43630      .18412
      .42047      .18413
      .40468      .18323
      .38900      .18141
      .37352      .17869
      .35830      .17509
      .34342      .17061
      .32895      .16528
      .31497      .15913
      .30154      .15218
      .28872      .14448
      .27659      .13605
      .26519      .12694
      .25459      .11719
      .24483      .10686
      .23597      .09599
      .22805      .08463
      .22110      .07283
      .21515      .06067
      .21025      .04819
      .20641      .03546
      .20365      .02254
      .20198      .00949
      .20141     -.00363
   24   91
      .19076     -.00378
      .19133     -.01752
      .19304     -.03118
      .19591     -.04472
      .19991     -.05805
      .20502     -.07112
      .21121     -.08387
      .21847     -.09622
      .22674     -.10812
      .23600     -.11952
      .24619     -.13036
      .25727     -.14057
      .26918     -.15013
      .28187     -.15897
      .29527     -.16705
      .30932     -.17434
      .32395     -.18080
      .33908     -.18640
      .35465     -.19111
      .37058     -.19491
      .38679     -.19778
      .40320     -.19970
      .41973     -.20067
      .43631     -.20068
      .45284     -.19973
      .46925     -.19783
      .48547     -.19499
      .50140     -.19121
      .51698     -.18652
      .53213     -.18094
      .54677     -.17450
      .56083     -.16723
      .57425     -.15916
      .58695     -.15034
      .59888     -.14080
      .60998     -.13060
      .62020     -.11978
      .62948     -.10839
      .63777     -.09650
      .64505     -.08415
      .65127     -.07142
      .65641     -.05835
      .66043     -.04502
      .66332     -.03149
      .66506     -.01783
      .66566     -.00410
      .66509      .00963
      .66337      .02330
      .66051      .03683
      .65651      .05017
      .65140      .06324
      .64520      .07598
      .63795      .08834
      .62968      .10024
      .62042      .11164
      .61023      .12247
      .59915      .13269
      .58723      .14224
      .57454      .15108
      .56114      .15917
      .54710      .16646
      .53247      .17292
      .51733      .17852
      .50176      .18323
      .48584      .18703
      .46963      .18989
      .45322      .19182
      .43668      .19279
      .42011      .19280
      .40358      .19185
      .38716      .18995
      .37095      .18710
      .35501      .18333
      .33943      .17864
      .32429      .17306
      .30965      .16662
      .29559      .15934
      .28217      .15128
      .26947      .14245
      .25753      .13292
      .24643      .12271
      .23622      .11189
      .22694      .10051
      .21864      .08861
      .21137      .07627
      .20514      .06353
      .20001      .05047
      .19599      .03714
      .19310      .02361
      .19135      .00995
      .19076     -.00378
   25   91
      .18011     -.00394
      .18070     -.01829
      .18249     -.03257
      .18549     -.04671
      .18966     -.06064
      .19500     -.07430
      .20148     -.08762
      .20905     -.10052
      .21770     -.11296
      .22737     -.12487
      .23802     -.13619
      .24960     -.14687
      .26205     -.15685
      .27531     -.16609
      .28931     -.17454
      .30399     -.18215
      .31927     -.18890
      .33508     -.19475
      .35135     -.19967
      .36800     -.20364
      .38493     -.20664
      .40208     -.20865
      .41935     -.20966
      .43667     -.20967
      .45395     -.20868
      .47110     -.20670
      .48804     -.20372
      .50469     -.19978
      .52097     -.19488
      .53679     -.18905
      .55209     -.18232
      .56678     -.17472
      .58080     -.16629
      .59407     -.15707
      .60654     -.14710
      .61814     -.13644
      .62881     -.12514
      .63851     -.11324
      .64718     -.10081
      .65478     -.08792
      .66128     -.07461
      .66664     -.06096
      .67085     -.04703
      .67387     -.03289
      .67569     -.01862
      .67631     -.00427
      .67572      .01008
      .67392      .02436
      .67093      .03850
      .66675      .05243
      .66142      .06609
      .65494      .07940
      .64736      .09231
      .63872      .10475
      .62904      .11666
      .61839      .12798
      .60682      .13866
      .59437      .14864
      .58111      .15788
      .56711      .16632
      .55243      .17394
      .53715      .18069
      .52133      .18654
      .50506      .19146
      .48842      .19543
      .47149      .19843
      .45434      .20044
      .43706      .20145
      .41975      .20146
      .40247      .20047
      .38532      .19848
      .36838      .19551
      .35173      .19156
      .33545      .18666
      .31963      .18084
      .30433      .17411
      .28964      .16651
      .27562      .15808
      .26234      .14886
      .24988      .13889
      .23828      .12823
      .22761      .11693
      .21791      .10503
      .20924      .09260
      .20164      .07970
      .19514      .06640
      .18977      .05275
      .18557      .03882
      .18255      .02468
      .18072      .01041
      .18011     -.00394
   26   91
      .16945     -.00410
      .17007     -.01906
      .17194     -.03396
      .17506     -.04870
      .17942     -.06323
      .18499     -.07748
      .19174     -.09137
      .19964     -.10483
      .20866     -.11780
      .21875     -.13022
      .22986     -.14203
      .24193     -.15316
      .25491     -.16357
      .26874     -.17321
      .28334     -.18202
      .29865     -.18996
      .31459     -.19700
      .33109     -.20310
      .34805     -.20824
      .36541     -.21237
      .38307     -.21550
      .40096     -.21760
      .41897     -.21865
      .43703     -.21866
      .45505     -.21763
      .47294     -.21556
      .49061     -.21246
      .50797     -.20834
      .52495     -.20323
      .54145     -.19715
      .55741     -.19013
      .57273     -.18221
      .58735     -.17342
      .60120     -.16380
      .61420     -.15341
      .62629     -.14229
      .63742     -.13050
      .64754     -.11809
      .65658     -.10513
      .66451     -.09168
      .67129     -.07780
      .67688     -.06356
      .68127     -.04904
      .68442     -.03429
      .68632     -.01940
      .68696     -.00444
      .68635      .01052
      .68447      .02542
      .68135      .04016
      .67700      .05470
      .67143      .06894
      .66468      .08283
      .65677      .09629
      .64775      .10926
      .63767      .12168
      .62656      .13349
      .61448      .14462
      .60150      .15503
      .58768      .16467
      .57307      .17348
      .55776      .18142
      .54182      .18846
      .52533      .19456
      .50836      .19970
      .49101      .20383
      .47334      .20696
      .45546      .20906
      .43744      .21011
      .41938      .21012
      .40137      .20909
      .38348      .20702
      .36581      .20392
      .34844      .19980
      .33147      .19469
      .31496      .18861
      .29901      .18159
      .28368      .17367
      .26906      .16488
      .25522      .15526
      .24222      .14487
      .23012      .13375
      .21899      .12196
      .20888      .10955
      .19984      .09659
      .19191      .08314
      .18513      .06926
      .17953      .05502
      .17515      .04050
      .17200      .02575
      .17010      .01086
      .16945     -.00410
   27   91
      .15880     -.00426
      .15944     -.01984
      .16139     -.03534
      .16464     -.05070
      .16918     -.06583
      .17497     -.08066
      .18200     -.09512
      .19023     -.10913
      .19962     -.12264
      .21013     -.13557
      .22169     -.14786
      .23426     -.15946
      .24778     -.17030
      .26217     -.18033
      .27738     -.18950
      .29332     -.19777
      .30991     -.20510
      .32709     -.21145
      .34475     -.21680
      .36282     -.22111
      .38121     -.22436
      .39983     -.22654
      .41859     -.22764
      .43740     -.22766
      .45616     -.22658
      .47478     -.22442
      .49318     -.22119
      .51126     -.21691
      .52893     -.21159
      .54612     -.20526
      .56273     -.19795
      .57868     -.18970
      .59390     -.18055
      .60832     -.17054
      .62186     -.15971
      .63445     -.14814
      .64604     -.13586
      .65657     -.12294
      .66598     -.10945
      .67424     -.09544
      .68130     -.08099
      .68712     -.06617
      .69169     -.05105
      .69497     -.03569
      .69695     -.02019
      .69762     -.00461
      .69698      .01097
      .69503      .02647
      .69178      .04183
      .68724      .05696
      .68144      .07179
      .67441      .08625
      .66618      .10027
      .65679      .11377
      .64629      .12670
      .63473      .13900
      .62215      .15059
      .60864      .16143
      .59424      .17146
      .57904      .18063
      .56310      .18890
      .54650      .19623
      .52933      .20259
      .51166      .20793
      .49359      .21224
      .47520      .21549
      .45658      .21767
      .43782      .21877
      .41902      .21879
      .40026      .21771
      .38164      .21555
      .36324      .21233
      .34516      .20804
      .32748      .20272
      .31030      .19639
      .29369      .18908
      .27773      .18083
      .26251      .17168
      .24810      .16167
      .23456      .15085
      .22197      .13927
      .21038      .12699
      .19985      .11407
      .19043      .10058
      .18218      .08657
      .17512      .07212
      .16929      .05730
      .16473      .04218
      .16145      .02683
      .15947      .01132
      .15880     -.00426
   28   91
      .14814     -.00441
      .14881     -.02061
      .15084     -.03673
      .15422     -.05269
      .15893     -.06842
      .16496     -.08384
      .17227     -.09887
      .18082     -.11344
      .19058     -.12748
      .20150     -.14092
      .21352     -.15370
      .22659     -.16575
      .24064     -.17702
      .25561     -.18745
      .27141     -.19698
      .28798     -.20558
      .30524     -.21320
      .32309     -.21981
      .34145     -.22536
      .36024     -.22984
      .37936     -.23322
      .39871     -.23549
      .41821     -.23663
      .43776     -.23665
      .45726     -.23553
      .47662     -.23329
      .49575     -.22993
      .51454     -.22547
      .53292     -.21994
      .55078     -.21336
      .56805     -.20577
      .58463     -.19719
      .60046     -.18768
      .61544     -.17727
      .62951     -.16602
      .64261     -.15398
      .65465     -.14122
      .66560     -.12779
      .67539     -.11376
      .68397     -.09920
      .69131     -.08418
      .69736     -.06877
      .70211     -.05305
      .70552     -.03710
      .70757     -.02098
      .70827     -.00478
      .70761      .01141
      .70558      .02753
      .70220      .04349
      .69748      .05922
      .69146      .07464
      .68415      .08967
      .67559      .10424
      .66583      .11828
      .65492      .13173
      .64289      .14450
      .62982      .15656
      .61577      .16782
      .60081      .17825
      .58500      .18779
      .56843      .19639
      .55118      .20401
      .53333      .21061
      .51496      .21616
      .49618      .22064
      .47706      .22403
      .45770      .22629
      .43821      .22744
      .41866      .22745
      .39916      .22633
      .37980      .22409
      .36067      .22073
      .34188      .21628
      .32350      .21075
      .30564      .20417
      .28837      .19657
      .27178      .18799
      .25596      .17848
      .24097      .16807
      .22690      .15682
      .21381      .14479
      .20176      .13203
      .19082      .11860
      .18103      .10457
      .17245      .09001
      .16511      .07499
      .15906      .05958
      .15431      .04386
      .15090      .02790
      .14884      .01178
      .14814     -.00441
   29   91
      .13749     -.00457
      .13818     -.02138
      .14029     -.03812
      .14380     -.05468
      .14869     -.07101
      .15494     -.08701
      .16253     -.10262
      .17141     -.11774
      .18154     -.13232
      .19288     -.14627
      .20536     -.15954
      .21892     -.17205
      .23351     -.18374
      .24904     -.19457
      .26545     -.20447
      .28265     -.21339
      .30056     -.22130
      .31909     -.22816
      .33815     -.23392
      .35765     -.23857
      .37750     -.24208
      .39759     -.24444
      .41783     -.24562
      .43812     -.24564
      .45837     -.24448
      .47846     -.24215
      .49831     -.23867
      .51782     -.23404
      .53690     -.22830
      .55544     -.22147
      .57337     -.21358
      .59058     -.20468
      .60701     -.19480
      .62256     -.18400
      .63717     -.17232
      .65076     -.15983
      .66327     -.14658
      .67463     -.13264
      .68479     -.11808
      .69370     -.10297
      .70131     -.08738
      .70760     -.07138
      .71253     -.05506
      .71606     -.03850
      .71820     -.02177
      .71893     -.00495
      .71823      .01186
      .71613      .02859
      .71262      .04516
      .70773      .06149
      .70147      .07749
      .69389      .09309
      .68501      .10822
      .67487      .12279
      .66354      .13675
      .65106      .15001
      .63749      .16252
      .62291      .17422
      .60737      .18504
      .59097      .19494
      .57377      .20387
      .55586      .21178
      .53733      .21863
      .51827      .22440
      .49876      .22905
      .47892      .23256
      .45883      .23491
      .43859      .23610
      .41829      .23611
      .39805      .23495
      .37795      .23263
      .35810      .22914
      .33859      .22452
      .31952      .21878
      .30097      .21195
      .28305      .20406
      .26583      .19516
      .24941      .18528
      .23385      .17448
      .21924      .16280
      .20565      .15031
      .19315      .13706
      .18179      .12312
      .17163      .10856
      .16272      .09344
      .15510      .07785
      .14882      .06186
      .14389      .04554
      .14035      .02897
      .13821      .01224
      .13749     -.00457
   30   91
      .12684     -.00473
      .12755     -.02216
      .12974     -.03950
      .13337     -.05668
      .13844     -.07360
      .14493     -.09019
      .15279     -.10637
      .16200     -.12205
      .17250     -.13716
      .18425     -.15162
      .19719     -.16537
      .21125     -.17834
      .22637     -.19047
      .24248     -.20169
      .25948     -.21195
      .27731     -.22120
      .29588     -.22940
      .31509     -.23651
      .33485     -.24249
      .35507     -.24731
      .37564     -.25094
      .39647     -.25339
      .41745     -.25462
      .43849     -.25463
      .45947     -.25343
      .48030     -.25101
      .50088     -.24740
      .52111     -.24261
      .54088     -.23666
      .56011     -.22958
      .57869     -.22140
      .59653     -.21217
      .61356     -.20193
      .62969     -.19073
      .64483     -.17863
      .65892     -.16568
      .67188     -.15194
      .68366     -.13749
      .69419     -.12240
      .70343     -.10673
      .71132     -.09057
      .71784     -.07399
      .72294     -.05707
      .72661     -.03990
      .72883     -.02255
      .72958     -.00513
      .72886      .01230
      .72668      .02965
      .72304      .04683
      .71797      .06375
      .71149      .08034
      .70362      .09651
      .69442      .11219
      .68391      .12730
      .67216      .14177
      .65923      .15552
      .64516      .16849
      .63004      .18061
      .61394      .19183
      .59693      .20210
      .57910      .21135
      .56054      .21955
      .54133      .22665
      .52157      .23263
      .50135      .23745
      .48078      .24109
      .45995      .24353
      .43897      .24476
      .41793      .24478
      .39694      .24357
      .37611      .24116
      .35553      .23755
      .33531      .23276
      .31553      .22680
      .29631      .21972
      .27773      .21155
      .25988      .20232
      .24285      .19208
      .22673      .18088
      .21159      .16878
      .19750      .15583
      .18453      .14209
      .17276      .12764
      .16223      .11255
      .15299      .09688
      .14509      .08071
      .13858      .06413
      .13347      .04721
      .12980      .03004
      .12759      .01270
      .12684     -.00473
   31   91
      .11618     -.00488
      .11693     -.02293
      .11918     -.04089
      .12295     -.05867
      .12820     -.07619
      .13491     -.09337
      .14306     -.11012
      .15259     -.12635
      .16346     -.14200
      .17563     -.15697
      .18902     -.17121
      .20358     -.18464
      .21924     -.19719
      .23591     -.20881
      .25352     -.21943
      .27198     -.22901
      .29120     -.23750
      .31109     -.24486
      .33155     -.25105
      .35248     -.25604
      .37378     -.25981
      .39535     -.26233
      .41707     -.26361
      .43885     -.26362
      .46058     -.26238
      .48215     -.25988
      .50345     -.25614
      .52439     -.25117
      .54486     -.24501
      .56477     -.23768
      .58401     -.22922
      .60248     -.21966
      .62011     -.20906
      .63681     -.19747
      .65249     -.18493
      .66707     -.17153
      .68050     -.15731
      .69269     -.14235
      .70359     -.12672
      .71316     -.11049
      .72133     -.09376
      .72808     -.07659
      .73336     -.05908
      .73716     -.04130
      .73946     -.02334
      .74023     -.00530
      .73949      .01275
      .73723      .03071
      .73347      .04849
      .72822      .06601
      .72150      .08319
      .71336      .09994
      .70383      .11617
      .69295      .13181
      .68079      .14679
      .66739      .16103
      .65283      .17446
      .63718      .18701
      .62051      .19863
      .60290      .20925
      .58444      .21883
      .56521      .22732
      .54533      .23468
      .52487      .24087
      .50394      .24586
      .48264      .24962
      .46107      .25215
      .43935      .25343
      .41757      .25344
      .39584      .25219
      .37427      .24970
      .35296      .24596
      .33202      .24099
      .31155      .23483
      .29165      .22750
      .27241      .21904
      .25393      .20948
      .23630      .19888
      .21961      .18728
      .20393      .17475
      .18934      .16134
      .17592      .14712
      .16373      .13216
      .15282      .11653
      .14326      .10031
      .13508      .08358
      .12834      .06641
      .12305      .04889
      .11925      .03111
      .11696      .01316
      .11618     -.00488
   32   91
      .10553     -.00504
      .10630     -.02370
      .10863     -.04227
      .11253     -.06067
      .11796     -.07879
      .12490     -.09655
      .13332     -.11387
      .14318     -.13066
      .15442     -.14683
      .16700     -.16232
      .18086     -.17705
      .19591     -.19093
      .21210     -.20391
      .22934     -.21593
      .24755     -.22691
      .26665     -.23682
      .28652     -.24560
      .30709     -.25321
      .32825     -.25961
      .34990     -.26477
      .37192     -.26867
      .39422     -.27128
      .41669     -.27260
      .43921     -.27261
      .46168     -.27133
      .48399     -.26874
      .50602     -.26487
      .52768     -.25974
      .54885     -.25337
      .56943     -.24579
      .58933     -.23704
      .60844     -.22715
      .62667     -.21619
      .64393     -.20420
      .66015     -.19124
      .67523     -.17737
      .68911     -.16267
      .70172     -.14720
      .71300     -.13103
      .72289     -.11426
      .73134     -.09695
      .73832     -.07920
      .74378     -.06108
      .74771     -.04270
      .75008     -.02413
      .75089     -.00547
      .75012      .01319
      .74778      .03176
      .74389      .05016
      .73846      .06828
      .73152      .08604
      .72310      .10336
      .71324      .12015
      .70199      .13633
      .68941      .15181
      .67556      .16654
      .66050      .18042
      .64431      .19340
      .62707      .20542
      .60886      .21640
      .58977      .22631
      .56989      .23509
      .54932      .24270
      .52817      .24910
      .50652      .25426
      .48449      .25816
      .46219      .26077
      .43973      .26209
      .41720      .26210
      .39473      .26082
      .37243      .25823
      .35039      .25436
      .32874      .24923
      .30757      .24286
      .28699      .23528
      .26709      .22653
      .24798      .21664
      .22975      .20568
      .21248      .19369
      .19627      .18073
      .18119      .16686
      .16731      .15216
      .15470      .13669
      .14342      .12052
      .13353      .10375
      .12508      .08644
      .11810      .06869
      .11263      .05057
      .10870      .03219
      .10633      .01362
      .10553     -.00504
   33   91
      .09487     -.00520
      .09567     -.02448
      .09808     -.04366
      .10210     -.06266
      .10771     -.08138
      .11489     -.09973
      .12358     -.11762
      .13377     -.13496
      .14538     -.15167
      .15838     -.16767
      .17269     -.18288
      .18824     -.19723
      .20497     -.21064
      .22278     -.22305
      .24159     -.23440
      .26131     -.24463
      .28185     -.25370
      .30309     -.26156
      .32495     -.26817
      .34731     -.27350
      .37006     -.27753
      .39310     -.28023
      .41631     -.28159
      .43958     -.28160
      .46279     -.28027
      .48583     -.27761
      .50859     -.27361
      .53096     -.26831
      .55283     -.26173
      .57409     -.25389
      .59465     -.24485
      .61439     -.23464
      .63322     -.22332
      .65105     -.21093
      .66780     -.19754
      .68339     -.18322
      .69772     -.16803
      .71075     -.15205
      .72240     -.13535
      .73262     -.11802
      .74135     -.10014
      .74856     -.08180
      .75420     -.06309
      .75826     -.04410
      .76071     -.02492
      .76154     -.00564
      .76075      .01364
      .75834      .03282
      .75431      .05182
      .74870      .07054
      .74153      .08889
      .73283      .10678
      .72265      .12412
      .71103      .14084
      .69804      .15684
      .68373      .17204
      .66817      .18639
      .65145      .19980
      .63364      .21221
      .61483      .22356
      .59511      .23379
      .57457      .24286
      .55332      .25072
      .53147      .25733
      .50911      .26267
      .48635      .26669
      .46332      .26939
      .44011      .27075
      .41684      .27077
      .39363      .26944
      .37059      .26677
      .34783      .26277
      .32545      .25747
      .30359      .25089
      .28232      .24306
      .26177      .23401
      .24203      .22381
      .22320      .21248
      .20536      .20009
      .18861      .18671
      .17303      .17238
      .15869      .15719
      .14567      .14121
      .13402      .12451
      .12380      .10718
      .11507      .08930
      .10786      .07096
      .10221      .05225
      .09816      .03326
      .09570      .01408
      .09487     -.00520
